region	group1	group2	group3	group4
ORI	0.007755	0.314372	0.031563	0.64631
ORI	1e-05	0.393436	0.058064	0.54849
ORI	1e-05	0.20581	0.074458	0.719723
ORI	1e-05	0.360867	0.048232	0.590891
ORI	0.00503	0.155432	0.062184	0.777354
ORI	0.004059	0.304212	0.064789	0.62694
ORI	0.004261	0.001059	3.2e-05	0.994648
ORI	0.014813	0.010829	0.004703	0.969655
ORI	0.008037	0.002514	0.00318	0.986269
ORI	0.010078	0.326383	0.039278	0.624261
ORI	0.008416	0.380631	0.03134	0.579613
ORI	1e-05	0.43255	0.046111	0.521328
ORI	1e-05	0.331617	0.043167	0.625206
ORI	0.00089	0.289311	0.04788	0.661919
ORI	0.008651	0.023925	0.00314	0.964284
ORI	0.005782	0.405085	0.070089	0.519044
ORI	1e-05	0.406641	0.057805	0.535544
ORI	0.010083	0.0399	0.043165	0.906852
ORI	1e-05	0.294038	0.06447	0.641483
ORI	1e-05	0.316471	0.044363	0.639156
ORI	0.009961	0.304985	0.043433	0.641622
ORI	0.011344	0.303799	0.068038	0.616819
ORI	1e-05	0.438827	0.054133	0.507031
ORI	1e-05	0.299329	0.051196	0.649465
ORI	0.000349	0.328881	0.047196	0.623574
ORI	0.000697	0.381503	0.05922	0.55858
ORI	0.007017	0.151547	0.055806	0.78563
ORI	1e-05	0.262936	0.094261	0.642794
ORI	1e-05	0.517281	0.056166	0.426543
ORI	0.006564	0.149956	0.016663	0.826817
ORI	1e-05	0.353279	0.043881	0.602829
ORI	1e-05	0.363104	0.051618	0.585267
ORI	1e-05	0.372247	0.055526	0.572217
ORI	1e-05	0.337199	0.03456	0.628232
ORI	0.004353	0.008609	0.002831	0.984207
ORI	1e-05	0.350033	0.046109	0.603848
ORI	1e-05	0.3118	0.028879	0.659311
ORI	1e-05	0.337919	0.032898	0.629172
ORI	1e-05	0.461989	0.034484	0.503517
ORI	1e-05	0.437223	0.020397	0.54237
ORI	1e-05	0.732212	0.029533	0.238245
ORI	1e-05	0.518334	0.022681	0.458975
ORI	1e-05	0.70578	0.045137	0.249072
ORI	0.001657	0.34896	0.066242	0.583141
ORI	1e-05	0.531565	0.058346	0.410079
ORI	0.005217	0.234194	0.039053	0.721536
ORI	0.006428	0.012285	0.015257	0.96603
ORI	1e-05	0.264415	0.053973	0.681601
ORI	1e-05	0.37854	0.051057	0.570393
ORI	1e-05	0.276783	0.071663	0.651544
ORI	1e-05	0.432359	0.01947	0.548161
ORI	1e-05	0.371494	0.050686	0.57781
ORI	1e-05	0.450983	0.061145	0.487861
ORI	0.003944	0.299333	0.018403	0.678319
ORI	1e-05	0.304237	0.066239	0.629514
ORI	0.008077	0.163322	0.015446	0.813155
ORI	1e-05	0.747722	0.032556	0.219711
ORI	1e-05	0.294001	0.081152	0.624837
ORI	1e-05	0.856638	0.024347	0.119004
ORI	0.006079	0.335105	0.040663	0.618154
ORI	0.002402	0.329599	0.083545	0.584455
ORI	0.006882	0.379755	0.044799	0.568565
ORI	0.018194	0.218815	0.051725	0.711266
ORI	0.002148	0.292332	0.055011	0.650509
ORI	1e-05	0.67722	0.026926	0.295844
ORI	0.004654	0.139375	0.019165	0.836806
ORI	0.003753	0.387443	0.02324	0.585563
ORI	4e-04	0.35879	0.021982	0.618828
ORI	0.000953	0.357818	0.01541	0.625819
ORI	1e-05	0.316703	0.038184	0.645102
ORI	1e-05	0.241265	0.079845	0.678879
ORI	0.004922	0.418684	0.05372	0.522674
ORI	0.001048	0.376497	0.057814	0.564641
ORI	1e-05	0.43564	0.032454	0.531896
ORI	1e-05	0.339847	0.051977	0.608166
ORI	1e-05	0.40188	0.068129	0.529981
ORI	1e-05	0.205688	0.0298	0.764502
ORI	1e-05	0.438409	0.049085	0.512496
ORI	0.004836	0.308855	0.06571	0.620599
ORI	1e-05	0.382538	0.045728	0.571724
ORI	0.005116	0.150174	0.01775	0.82696
ORI	1e-05	0.4726	0.046042	0.481349
ORI	0.008064	0.273346	0.080674	0.637916
ORI	0.010576	0.262325	0.029203	0.697897
ORI	1e-05	0.285012	0.045601	0.669377
ORI	1e-05	0.38045	0.041249	0.578291
ORI	1e-05	0.557438	0.038047	0.404505
ORI	1e-05	0.391992	0.049209	0.558789
ORI	0.003851	0.273537	0.083806	0.638806
ORI	1e-05	0.449243	0.052282	0.498465
ORI	1e-05	0.497053	0.027782	0.475156
ORI	0.005691	0.310906	0.062295	0.621109
ORI	1e-05	0.425363	0.034368	0.540259
ORI	0.007464	0.321299	0.017332	0.653906
ORI	1e-05	0.301159	0.042545	0.656287
ORI	1e-05	0.27412	0.050845	0.675025
ORI	1e-05	0.526924	0.0318	0.441266
ORI	0.010312	0.27794	0.034123	0.677625
ORI	1e-05	0.404254	0.139899	0.455837
ORI	0.005598	0.258272	0.040751	0.695378
ORI	0.003277	0.240701	0.0848	0.671221
ORI	0.001912	0.353887	0.039248	0.604953
ORI	1e-05	0.295782	0.072923	0.631285
ORI	1e-05	0.309611	0.059659	0.63072
ORI	1e-05	0.725066	0.030048	0.244876
ORI	1e-05	0.6077	0.040329	0.351961
ORI	1e-05	0.580668	0.05628	0.363042
ORI	1e-05	0.263034	0.045977	0.690978
ORI	0.001895	0.344806	0.047844	0.605455
ORI	0.00304	0.243881	0.054846	0.698234
ORI	0.001851	0.235061	0.049695	0.713394
ORI	1e-05	0.302773	0.027321	0.669896
ORI	1e-05	0.446445	0.033455	0.52009
ORI	1e-05	0.410886	0.040794	0.54831
ORI	1e-05	0.329066	0.06795	0.602974
ORI	1e-05	0.424577	0.059196	0.516218
ORI	1e-05	0.281342	0.061625	0.657023
ORI	0.000201	0.288276	0.058824	0.652699
ORI	1e-05	0.314262	0.048218	0.63751
ORI	0.003181	0.189705	0.034974	0.772141
ORI	1e-05	0.352006	0.046218	0.601766
ORI	1e-05	0.522042	0.065141	0.412807
ORI	1e-05	0.420135	0.054877	0.524978
ORI	0.006147	0.099086	0.00176	0.893007
ORI	1e-05	0.320561	0.062197	0.617233
ORI	1e-05	0.397525	0.037404	0.565061
ORI	0.005218	0.3037	0.049362	0.641721
ORI	0.008289	0.392861	0.022747	0.576102
ORI	0.007509	0.236424	0.036225	0.719842
ORI	1e-05	0.454766	0.047711	0.497513
ORI	1e-05	0.771669	0.03834	0.18998
ORI	1e-05	0.273301	0.071429	0.65526
ORI	0.0112	0.267543	0.048235	0.673022
ORI	0.005684	0.356595	0.103721	0.533999
ORI	1e-05	0.389108	0.027535	0.583347
ORI	0.003608	0.001209	0.001632	0.993551
ORI	1e-05	0.446578	0.03876	0.514652
ORI	0.002959	0.25206	0.047365	0.697616
ORI	0.00351	0.372819	0.071013	0.552657
ORI	0.000247	0.41831	0.026321	0.555123
ORI	1e-05	0.733514	0.038207	0.228269
ORI	0.003433	0.228416	0.062445	0.705705
ORI	1e-05	0.600415	0.067671	0.331904
ORI	1e-05	0.278639	0.060848	0.660503
ORI	0.01043	0.060471	0.01322	0.915879
ORI	0.018075	0.108138	0.027212	0.846575
ORI	0.006837	0.314847	0.038708	0.639608
ORI	0.013006	0.038575	0.036316	0.912103
ORI	0.007154	0.305737	0.03947	0.647639
ORI	1e-05	0.278209	0.061851	0.659931
ORI	0.00969	0.347312	0.057979	0.585019
ORI	0.003631	0.244325	0.04362	0.708425
ORI	1e-05	0.390729	0.041071	0.56819
ORI	1e-05	0.331479	0.054897	0.613614
ORI	0.002718	0.208206	0.051279	0.737798
ORI	1e-05	0.253857	0.057645	0.688488
ORI	1e-05	0.287021	0.044853	0.668116
ORI	1e-05	0.752766	0.041235	0.205989
ORI	0.007561	0.213909	0.043109	0.735422
ORI	1e-05	0.381823	0.053019	0.565148
ORI	0.003827	0.274663	0.085752	0.635759
ORI	0.001561	0.387372	0.044832	0.566234
ORI	0.003436	9.2e-05	1e-05	0.996463
ORI	1e-05	0.615747	0.023037	0.361206
ORI	0.002612	0.246148	0.067887	0.683353
ORI	1e-05	0.473744	0.090705	0.435542
ORI	1e-05	0.569783	0.034674	0.395533
ORI	0.002416	0.349626	0.047708	0.600249
ORI	0.006119	0.00098	0.000442	0.992459
ORI	1e-05	0.342355	0.056969	0.600666
ORI	0.00948	0.227058	0.041086	0.722376
ORI	1e-05	0.219864	0.052922	0.727204
ORI	1e-05	0.341086	0.049861	0.609043
ORI	1e-05	0.616296	0.041587	0.342108
ORI	1e-05	0.244733	0.052489	0.702768
ORI	1e-05	0.324627	0.049181	0.626182
ORI	1e-05	0.333828	0.041524	0.624637
ORI	0.004244	0.321216	0.039378	0.635162
ORI	1e-05	0.365234	0.047898	0.586858
ORI	1e-05	0.288076	0.052891	0.659024
ORI	1e-05	0.424348	0.052234	0.523409
ORI	0.001216	0.18634	0.129724	0.682719
ORI	0.010263	0.214062	0.042485	0.73319
ORI	0.001646	0.439187	0.044787	0.514379
ORI	1e-05	0.243441	0.05123	0.70532
ORI	0.00991	0.298473	0.040066	0.651551
ORI	1e-05	0.344502	0.05509	0.600398
ORI	1e-05	0.31016	0.04207	0.64776
ORI	0.001897	0.330865	0.040285	0.626953
ORI	1e-05	0.38172	0.039787	0.578483
ORI	1e-05	0.337851	0.045748	0.616392
ORI	1e-05	0.499154	0.024623	0.476214
ORI	0.000234	0.276172	0.057687	0.665906
ORI	0.002862	0.339586	0.037236	0.620316
ORI	1e-05	0.410507	0.05205	0.537433
ORI	0.000578	0.284063	0.041213	0.674147
ORI	1e-05	0.580965	0.016784	0.40224
ORI	0.011262	0.225775	0.069916	0.693047
ORI	0.002879	0.25717	0.079071	0.66088
ORI	1e-05	0.491684	0.03217	0.476137
ORI	0.001777	0.348378	0.050802	0.599043
ORI	0.013554	0.320196	0.026736	0.639514
ORI	0.003041	0.338975	0.049456	0.608528
ORI	0.009889	0.277988	0.071618	0.640505
ORI	1e-05	0.548325	0.049424	0.402241
ORI	1e-05	0.616187	0.039487	0.344316
ORI	1e-05	0.365867	0.045788	0.588335
ORI	0.003164	0.277734	0.053259	0.665844
ORI	0.004542	0.352685	0.084174	0.558599
ORI	1e-05	0.849682	0.019799	0.130509
ORI	1e-05	0.386045	0.039094	0.574851
ORI	1e-05	0.722266	0.04461	0.233114
ORI	1e-05	0.372441	0.067103	0.560446
ORI	0.020077	0.200701	0.030752	0.748471
ORI	0.000808	0.32099	0.042944	0.635258
ORI	1e-05	0.33471	0.05385	0.61143
ORI	0.000169	0.344563	0.056694	0.598574
ORI	1e-05	0.74527	0.029017	0.225703
ORI	0.01238	0.34203	0.055718	0.589872
ORI	1e-05	0.305998	0.045795	0.648197
ORI	1e-05	0.595329	0.036753	0.367907
ORI	0.005974	0.388854	0.040465	0.564706
ORI	1e-05	0.345902	0.074497	0.579591
ORI	0.013198	0.259321	0.043353	0.684128
ORI	0.002209	0.265205	0.055038	0.677549
ORI	0.000161	0.28358	0.077165	0.639094
ORI	1e-05	0.395674	0.042768	0.561549
ORI	1e-05	0.380131	0.052574	0.567285
ORI	0.010788	0.381872	0.06302	0.54432
ORI	0.001248	0.422233	0.051339	0.525181
ORI	0.004806	0.270819	0.06961	0.654764
ORI	0.003984	0.183121	0.009902	0.802993
ORI	1e-05	0.396664	0.043327	0.56
ORI	0.000254	0.507548	0.042374	0.449824
ORI	0.005464	0.1723	0.009084	0.813152
ORI	0.001059	0.380131	0.039396	0.579414
ORI	1e-05	0.224361	0.014728	0.760901
ORI	1e-05	0.296668	0.067694	0.635628
ORI	0.000331	0.236619	0.044157	0.718893
ORI	1e-05	0.485384	0.032517	0.482089
ORI	0.000233	0.237765	0.045393	0.716609
ORI	0.010669	0.452634	0.022734	0.513963
ORI	0.001247	0.205305	0.004446	0.789002
ORI	0.014514	0.318059	0.070574	0.596853
ORI	0.002197	0.326788	0.026117	0.644898
ORI	1e-05	0.358662	0.081681	0.559647
ORI	0.01301	0.073713	0.031195	0.882082
ORI	0.008885	0.220846	0.055369	0.714899
ORI	0.000854	0.366456	0.033119	0.599571
ORI	0.009563	0.310193	0.022494	0.657751
ORI	0.013941	0.22962	0.033743	0.722696
ORI	0.010186	0.248247	0.05036	0.691207
ORI	0.023427	0.067455	0.02302	0.886098
ORI	0.004336	0.210908	0.060022	0.724735
ORI	1e-05	0.425013	0.023548	0.551429
ORI	0.013973	0.237588	0.006854	0.741586
ORI	0.003571	0.354613	0.052697	0.589119
ORI	1e-05	0.520888	0.074873	0.404229
ORI	1e-05	0.436172	0.042574	0.521244
ORI	1e-05	0.666432	0.0254	0.308158
ORI	1e-05	0.29794	0.039663	0.662387
ORI	1e-05	0.57802	0.042103	0.379867
ORI	1e-05	0.348803	0.040942	0.610245
ORI	1e-05	0.527588	0.023636	0.448767
ORI	0.018142	0.149981	0.031491	0.800385
ORI	1e-05	0.27959	0.047379	0.673022
ORI	0.016505	0.385117	0.056187	0.542191
ORI	1e-05	0.246998	0.053549	0.699442
ORI	1e-05	0.318086	0.034493	0.647411
ORI	0.009251	0.052794	0.000193	0.937762
ORI	1e-05	0.276057	0.018851	0.705082
ORI	1e-05	0.307846	0.013493	0.678651
ORI	1e-05	0.348723	0.039921	0.611346
ORI	1e-05	0.562374	0.057247	0.380369
ORI	1e-05	0.33724	0.014694	0.648056
ORI	0.012094	0.319441	0.041632	0.626834
ORI	1e-05	0.381756	0.057715	0.560519
ORI	0.008346	0.172315	0.053287	0.766052
ORI	1e-05	0.332359	0.061344	0.606288
ORI	1e-05	0.268917	0.062469	0.668604
ORI	0.00512	0.219054	0.053343	0.722484
ORI	0.000251	0.361264	0.137293	0.501192
ORI	1e-05	0.585656	0.033725	0.380609
ORI	0.001832	0.266205	0.050956	0.681007
ORI	1e-05	0.271918	0.082603	0.645469
ORI	0.000757	0.449065	0.055914	0.494264
ORI	1e-05	0.358396	0.056689	0.584905
ORI	1e-05	0.260488	0.039413	0.70009
ORI	1e-05	0.440058	0.061396	0.498535
ORI	1e-05	0.280611	0.01973	0.699649
ORI	0.003738	0.461336	0.043471	0.491454
ORI	0.007192	0.287091	0.04552	0.660197
ORI	0.012193	0.059384	0.016862	0.911561
ORI	1e-05	0.193783	0.064748	0.741458
ORI	1e-05	0.826183	0.030947	0.142859
ORI	1e-05	0.318773	0.099621	0.581596
ORI	0.007359	0.301031	0.039588	0.652023
ORI	1e-05	0.433564	0.052531	0.513896
ORI	0.009276	0.186881	0.041014	0.762829
ORI	0.005665	0.380908	0.056891	0.556537
ORI	1e-05	0.32158	0.045678	0.632732
ORI	0.012767	0.065133	0.063052	0.859049
ORI	1e-05	0.410599	0.076331	0.51306
ORI	0.013013	0.313948	0.045608	0.62743
ORI	1e-05	0.393661	0.053073	0.553256
ORI	0.0053	0.328334	0.076442	0.589924
ORI	1e-05	0.327652	0.078661	0.593677
ORI	0.006381	0.269509	0.042889	0.681221
ORI	0.009848	0.288181	0.055955	0.646016
ORI	0.000155	0.32013	0.046754	0.632961
ORI	1e-05	0.383546	0.076933	0.539512
ORI	1e-05	0.387966	0.0561	0.555924
ORI	0.00147	0.251703	0.065183	0.681645
ORI	1e-05	0.312793	0.054659	0.632539
ORI	1e-05	0.262797	0.041794	0.695399
ORI	0.014759	0.191832	0.054972	0.738437
ORI	0.008847	0.213636	0.045015	0.732502
ORI	0.001909	0.282438	0.053617	0.662035
ORI	1e-05	0.430073	0.070506	0.499411
ORI	1e-05	0.281233	0.067936	0.650821
ORI	1e-05	0.529136	0.032697	0.438157
ORI	1e-05	0.36669	0.05841	0.57489
ORI	1e-05	0.318523	0.042243	0.639224
ORI	1e-05	0.286385	0.054634	0.658972
ORI	1e-05	0.37373	0.064194	0.562066
ORI	0.001561	0.283997	0.030011	0.684431
ORI	0.010299	0.305734	0.074654	0.609313
ORI	1e-05	0.415732	0.031997	0.55226
ORI	0.007931	1.7e-05	0.000702	0.99135
ORI	0.003254	0.35631	0.030126	0.61031
ORI	0.002482	0.321666	0.062901	0.612952
ORI	0.012049	0.196776	0.056685	0.734489
ORI	0.003415	0.286233	0.046461	0.66389
ORI	0.002857	0.28883	0.065192	0.643122
ORI	1e-05	0.326819	0.061505	0.611666
ORI	0.000131	0.594749	0.03792	0.367199
ORI	1e-05	0.379845	0.052808	0.567337
ORI	1e-05	0.39091	0.032111	0.576969
ORI	1e-05	0.329309	0.055381	0.6153
ORI	1e-05	0.595792	0.045223	0.358975
ORI	1e-05	0.389355	0.081292	0.529343
ORI	0.002614	0.302903	0.073717	0.620766
ORI	0.002467	0.227733	0.046946	0.722853
ORI	0.005797	0.324668	0.09778	0.571755
ORI	1e-05	0.513123	0.056299	0.430569
ORI	1e-05	0.348583	0.068888	0.582519
ORI	1e-05	0.36256	0.049723	0.587707
ORI	1e-05	0.714448	0.031313	0.254229
ORI	1e-05	0.359176	0.072284	0.56853
ORI	0.010138	0.246609	0.046687	0.696565
ORI	1e-05	0.249555	0.030865	0.71957
ORI	0.011594	0.326002	0.044308	0.618096
ORI	0.006728	0.261484	0.044221	0.687566
ORI	0.003326	0.320699	0.074377	0.601598
ORI	0.00553	0.341757	0.061263	0.59145
ORI	1e-05	0.384178	0.052488	0.563324
ORI	1e-05	0.629186	0.028769	0.342035
ORI	0.007196	0.296793	0.083692	0.612319
ORI	1e-05	0.340829	0.051015	0.608146
ORI	0.000584	0.356439	0.066929	0.576049
ORI	0.002814	0.376396	0.115864	0.504925
ORI	0.005196	0.253642	0.059268	0.681894
ORI	1e-05	0.394761	0.040375	0.564853
ORI	0.0018	0.351384	0.066586	0.58023
ORI	0.005907	0.237441	0.069501	0.687151
ORI	0.001629	0.285262	0.073352	0.639758
ORI	1e-05	0.35859	0.05426	0.58714
ORI	0.006416	0.234698	0.029164	0.729722
ORI	1e-05	0.450918	0.051582	0.49749
ORI	1e-05	0.406463	0.050428	0.5431
ORI	1e-05	0.319112	0.07661	0.604268
ORI	1e-05	0.350511	0.030655	0.618824
ORI	1e-05	0.311016	0.042722	0.646252
ORI	0.0027	0.28881	0.037358	0.671132
ORI	0.003665	0.340777	0.04212	0.613439
ORI	0.002364	0.425738	0.042857	0.529041
ORI	0.02605	0.31605	0.177947	0.479953
ORI	1e-05	0.247346	0.088911	0.663733
ORI	1e-05	0.445788	0.057047	0.497154
ORI	0.004908	0.295737	0.027733	0.671622
ORI	0.0021	0.320297	0.037282	0.640322
ORI	0.005253	0.294554	0.04622	0.653973
ORI	0.003408	0.399196	0.050147	0.547249
ORI	1e-05	0.364167	0.052959	0.582864
ORI	1e-05	0.281529	0.034877	0.683584
ORI	0.001809	0.326062	0.054526	0.617603
ORI	1e-05	0.36004	0.060949	0.579001
ORI	0.002268	0.358533	0.042898	0.596301
ORI	1e-05	0.338877	0.038016	0.623098
ORI	0.008408	0.053922	0.00227	0.9354
ORI	1e-05	0.366082	0.039158	0.59475
ORI	1e-05	0.272231	0.048605	0.679154
ORI	1e-05	0.264415	0.067623	0.667952
ORI	1e-05	0.305628	0.049967	0.644394
ORI	0.001903	0.363745	0.043926	0.590426
ORI	0.003309	0.157711	0.026555	0.812425
ORI	1e-05	0.375655	0.031109	0.593227
ORI	0.001568	0.354215	0.060922	0.583295
ORI	0.0043	0.000618	2.1e-05	0.995061
ORI	1e-05	0.692324	0.037718	0.269949
ORI	0.002634	0.287484	0.03671	0.673173
ORI	1e-05	0.43853	0.045909	0.515551
ORI	0.012654	0.158866	0.020825	0.807655
ORI	1e-05	0.249336	0.061073	0.68958
ORI	0.000836	0.262438	0.04208	0.694645
ORI	1e-05	0.404586	0.052405	0.542999
ORI	1e-05	0.549623	0.04685	0.403517
ORI	0.008689	0.344916	0.066088	0.580307
ORI	1e-05	0.351721	0.057016	0.591253
ORI	0.00845	0.224568	0.036151	0.730832
ORI	0.008121	0.251583	0.030673	0.709623
ORI	0.008649	0.307621	0.059779	0.623951
ORI	0.002959	0.410495	0.052831	0.533715
ORI	0.00236	0.366876	0.050814	0.57995
ORI	0.00423	0.260938	0.047431	0.687401
ORI	1e-05	0.6286	0.032517	0.338873
ORI	1e-05	0.512124	0.045893	0.441973
ORI	0.011852	0.018427	0.00228	0.967441
ORI	1e-05	0.577781	0.035542	0.386667
ORI	1e-05	0.398725	0.083227	0.518038
ORI	1e-05	0.207025	0.038035	0.75493
ORI	0.00486	0.391599	0.040266	0.563275
ORI	1e-05	0.692978	0.026124	0.280888
ORI	1e-05	0.389535	0.060359	0.550097
ORI	0.000386	0.415035	0.028583	0.555995
ORI	0.000482	0.64302	0.039085	0.317413
ORI	0.005162	0.001573	0.000331	0.992934
ORI	0.004691	0.445655	0.023916	0.525738
ORI	0.004778	0.312289	0.046711	0.636222
ORI	0.011068	0.250837	0.058601	0.679494
ORI	1e-05	0.442271	0.021268	0.53645
ORI	0.000369	0.312735	0.051643	0.635253
ORI	1e-05	0.357229	0.060001	0.58276
ORI	1e-05	0.452279	0.106352	0.44136
ORI	0.000387	0.319395	0.035995	0.644223
ORI	1e-05	0.735971	0.026182	0.237837
ORI	1e-05	0.341359	0.063913	0.594718
ORI	1e-05	0.447032	0.042732	0.510226
ORI	1e-05	0.42361	0.053865	0.522515
ORI	0.000191	0.443132	0.039499	0.517179
ORI	1e-05	0.458517	0.062648	0.478825
ORI	1e-05	0.422369	0.080144	0.497477
ORI	1e-05	0.188928	0.063857	0.747204
ORI	1e-05	0.41804	0.05189	0.53006
ORI	1e-05	0.460671	0.080297	0.459021
ORI	0.011279	0.310682	0.039009	0.63903
ORI	0.000778	0.408997	0.042828	0.547397
ORI	1e-05	0.407854	0.047504	0.544632
ORI	0.000576	0.376912	0.054734	0.567778
ORI	0.00051	0.304851	0.033205	0.661434
ORI	0.021717	0.315744	0.039859	0.62268
ORI	1e-05	0.451764	0.054165	0.494062
ORI	1e-05	0.324004	0.043301	0.632685
ORI	1e-05	0.450146	0.055284	0.49456
ORI	0.006393	0.033216	0.00113	0.959262
ORI	0.00545	0.252376	0.062371	0.679803
ORI	0.010941	0.222718	0.104073	0.662267
ORI	1e-05	0.318604	0.066658	0.614728
ORI	0.000786	0.526304	0.020268	0.452643
ORI	0.005493	0.364878	0.051501	0.578127
ORI	0.006004	0.323434	0.046584	0.623977
ORI	0.00745	0.359811	0.044918	0.587822
ORI	1e-05	0.352154	0.06542	0.582416
ORI	0.005329	0.003598	0.006627	0.984445
ORI	1e-05	0.335957	0.067518	0.596515
ORI	1e-05	0.523082	0.037601	0.439307
ORI	0.008569	0.150667	0.038454	0.80231
ORI	1e-05	0.349524	0.044342	0.606125
ORI	0.003401	0.205932	0.038039	0.752628
ORI	0.000225	0.318839	0.04432	0.636615
ORI	0.000898	0.329049	0.045203	0.62485
ORI	0.006075	0.409997	0.080064	0.503863
ORI	1e-05	0.341971	0.052668	0.605351
ORI	0.000303	0.402341	0.061813	0.535543
ORI	1e-05	0.417839	0.023183	0.558968
ORI	0.001878	0.300187	0.043196	0.654739
ORI	1e-05	0.34979	0.061362	0.588839
ORI	0.009413	0.056937	0.008535	0.925116
ORI	0.000977	0.326452	0.05298	0.619591
ORI	0.006775	0.250317	0.053877	0.689031
ORI	0.005477	0.267143	0.070349	0.657031
ORI	0.006756	0.192995	0.065279	0.73497
ORI	1e-05	0.221676	0.068542	0.709772
ORI	1e-05	0.34914	0.043213	0.607637
ORI	1e-05	0.3125	0.046073	0.641417
ORI	0.005262	0.206172	0.069236	0.71933
ORI	1e-05	0.352584	0.059915	0.587491
ORI	1e-05	0.28907	0.03753	0.67339
ORI	0.005807	0.268846	0.040017	0.68533
ORI	0.004193	0.283423	0.035489	0.676896
ORI	1e-05	0.436088	0.050543	0.513358
ORI	1e-05	0.32804	0.058517	0.613433
ORI	0.009051	0.341698	0.049931	0.59932
ORI	1e-05	0.316026	0.048646	0.635318
ORI	0.000657	0.154576	0.01508	0.829687
ORI	0.014462	0.355736	0.036426	0.593375
ORI	0.007481	0.24727	0.058491	0.686757
ORI	1e-05	0.695391	0.024534	0.280065
ORI	1e-05	0.349882	0.076399	0.573709
ORI	1e-05	0.310442	0.042295	0.647253
ORI	0.009996	0.004076	0.013822	0.972106
ORI	1e-05	0.370915	0.067676	0.561399
ORI	1e-05	0.392987	0.051569	0.555434
ORI	1e-05	0.547615	0.033096	0.419278
ORI	0.00646	0.265656	0.033706	0.694178
ORI	1e-05	0.306462	0.053195	0.640333
ORI	0.005494	0.361703	0.06967	0.563133
ORI	1e-05	0.333815	0.054437	0.611738
ORI	1e-05	0.200869	0.069074	0.730048
ORI	0.005218	0.00446	2.8e-05	0.990293
ORI	0.000458	0.215221	0.08739	0.69693
ORI	1e-05	0.359303	0.028725	0.611962
ORI	0.006111	0.350685	0.051898	0.591306
ORI	0.03558	0.168693	0.095234	0.700493
ORI	1e-05	0.263534	0.043314	0.693142
ORI	0.000482	0.339797	0.041392	0.618329
ORI	1e-05	0.32511	0.090944	0.583936
ORI	0.004211	0.245504	0.082208	0.668078
ORI	1e-05	0.522456	0.046885	0.430649
ORI	0.008167	0.233054	0.048023	0.710756
ORI	0.014208	0.166502	0.069425	0.749865
ORI	0.002952	0.315935	0.06477	0.616342
ORI	1e-05	0.287933	0.039984	0.672073
ORI	0.013292	0.004347	0.003266	0.979094
ORI	0.009857	0.007589	0.000319	0.982235
ORI	0.005579	0.316918	0.034349	0.643154
ORI	0.007772	0.035853	0.004613	0.951762
ORI	1e-05	0.298453	0.045768	0.655769
ORI	0.002859	0.28246	0.086752	0.627929
ORI	1e-05	0.340463	0.059861	0.599666
ORI	0.003515	0.282539	0.036578	0.677368
ORI	0.007259	0.306506	0.054026	0.632208
ORI	1e-05	0.351411	0.064696	0.583883
ORI	0.004294	0.215819	0.062662	0.717225
ORI	0.001063	0.377194	0.033119	0.588624
ORI	1e-05	0.290515	0.064379	0.645096
ORI	1e-05	0.185721	0.032551	0.781718
ORI	0.011479	0.006546	0.008749	0.973226
ORI	0.004758	0.292572	0.0503	0.652371
ORI	1e-05	0.42785	0.034011	0.538129
ORI	0.000255	0.471616	0.035182	0.492948
ORI	0.008588	0.325518	0.045583	0.620311
ORI	0.005608	0.360608	0.040222	0.593562
ORI	1e-05	0.59516	0.051142	0.353688
ORI	0.002097	0.301535	0.078588	0.617779
ORI	0.008655	0.200453	0.033523	0.75737
ORI	0.01134	0.02467	0.002403	0.961587
ORI	1e-05	0.393096	0.069034	0.53786
ORI	0.003644	1e-05	1e-05	0.996336
ORI	0.00661	0.304068	0.056098	0.633224
ORI	1e-05	0.352063	0.052986	0.594941
ORI	1e-05	0.450278	0.06475	0.484962
ORI	0.001577	0.169145	0.028134	0.801145
ORI	0.001357	0.347639	0.077076	0.573928
ORI	1e-05	0.497881	0.033319	0.46879
ORI	0.050367	0.075221	0.067423	0.806988
ORI	1e-05	0.39978	0.066313	0.533897
ORI	0.004201	0.279876	0.040586	0.675338
ORI	0.003467	7.7e-05	0.000111	0.996346
ORI	1e-05	0.469492	0.070033	0.460465
ORI	0.000542	0.358734	0.052489	0.588235
ORI	0.000257	0.336383	0.048913	0.614448
ORI	0.004056	0.332629	0.044585	0.61873
ORI	0.008095	0.330084	0.042416	0.619405
ORI	1e-05	0.344418	0.048964	0.606608
ORI	0.012265	0.007939	0.003672	0.976124
ORI	0.000464	0.358231	0.063475	0.577831
ORI	5.4e-05	0.608542	0.033617	0.357787
ORI	0.005606	0.001723	0.000558	0.992112
ORI	0.019587	0.061143	0.072331	0.846939
ORI	1e-05	0.506842	0.04751	0.445639
ORI	1e-05	0.426136	0.141866	0.431988
ORI	0.014974	0.049871	0.021798	0.913358
ORI	1e-05	0.367294	0.034425	0.598271
ORI	0.008012	0.270184	0.063585	0.658219
ORI	0.003286	0.001023	0.000443	0.995248
ORI	0.008928	0.000429	0.004665	0.985978
ORI	0.003249	0.186267	0.01652	0.793964
ORI	1e-05	0.536262	0.027493	0.436235
ORI	1e-05	0.364462	0.050275	0.585253
ORI	1e-05	0.252889	0.085107	0.661994
ORI	0.002172	0.313457	0.059253	0.625117
ORI	0.001453	0.431501	0.051513	0.515533
ORI	0.003131	0.274557	0.046115	0.676197
ORI	1e-05	0.365966	0.042524	0.5915
ORI	0.000963	0.266667	0.061164	0.671206
ORI	0.010257	0.006562	0.003461	0.97972
ORI	0.002602	0.218922	0.040398	0.738079
ORI	0.002652	0.00021	7.4e-05	0.997063
ORI	1e-05	0.243135	0.071351	0.685504
ORI	1e-05	0.247639	0.042828	0.709524
ORI	0.000249	0.27005	0.039765	0.689936
ORI	0.003852	0.165481	0.068939	0.761728
ORI	0.011651	0.215142	0.079678	0.693529
ORI	0.001506	0.340161	0.052617	0.605716
ORI	1e-05	0.24969	0.059564	0.690735
ORI	0.004977	0.347608	0.063364	0.58405
ORI	0.004832	0.00055	0.00355	0.991068
ORI	0.001185	0.283202	0.057311	0.658302
ORI	0.001709	0.370365	0.059053	0.568873
ORI	0.004765	0.384695	0.052062	0.558478
ORI	1e-05	0.405073	0.063059	0.531858
ORI	1e-05	0.376748	0.061857	0.561385
ORI	1e-05	0.416229	0.041903	0.541858
ORI	0.003537	0.116417	0.003754	0.876292
ORI	1e-05	0.375477	0.054106	0.570407
ORI	0.010417	0.187272	0.042769	0.759542
ORI	1e-05	0.283189	0.05597	0.660831
ORI	0.01392	0.284996	0.049052	0.652032
ORI	1e-05	0.453073	0.051391	0.495525
ORI	1e-05	0.298239	0.057431	0.64432
ORI	1e-05	0.361405	0.048891	0.589695
ORI	1e-05	0.420587	0.104385	0.475017
ORI	0.013245	0.10287	0.025042	0.858843
ORI	0.007278	0.11581	0.016022	0.86089
ORI	1e-05	0.411952	0.045326	0.542713
ORI	1e-05	0.183515	0.047697	0.768778
ORI	0.002961	0.28742	0.064934	0.644685
ORI	0.005469	0.256128	0.032767	0.705637
ORI	1e-05	0.315548	0.050826	0.633616
ORI	1e-05	0.298313	0.061652	0.640025
ORI	0.005339	0.357698	0.057885	0.579078
ORI	0.006033	0.219405	0.077945	0.696617
ORI	0.009923	0.277441	0.064185	0.648451
ORI	0.019804	0.572131	0.048035	0.360029
ORI	1e-05	0.433805	0.031947	0.534238
ORI	0.011491	0.189336	0.035716	0.763457
ORI	0.004879	0.386165	0.052576	0.556381
ORI	0.002205	0.413704	0.048484	0.535607
ORI	0.007938	0.223145	0.067202	0.701715
ORI	0.010998	0.367112	0.058597	0.563293
ORI	0.003304	1e-05	0.000499	0.996188
ORI	1e-05	0.338412	0.035367	0.626211
ORI	0.002783	0.091845	0.004316	0.901057
ORI	0.000901	0.368056	0.150318	0.480726
ORI	0.000729	0.525383	0.025477	0.448412
ORI	0.001822	0.349719	0.054196	0.594263
ORI	0.002297	0.345996	0.053246	0.598461
ORI	1e-05	0.314285	0.050294	0.63541
ORI	0.009516	0.236163	0.04827	0.706051
ORI	1e-05	0.291912	0.061688	0.646391
ORI	1e-05	0.260134	0.064996	0.67486
ORI	0.011441	0.026859	0.019316	0.942384
ORI	1e-05	0.345002	0.025623	0.629365
ORI	1e-05	0.61454	0.041271	0.344178
ORI	0.008558	0.252386	0.047017	0.692039
ORI	0.005835	0.241013	0.036342	0.716809
ORI	0.015246	0.207309	0.079174	0.698271
ORI	0.008315	0.199905	0.013374	0.778406
ORI	0.000307	0.307528	0.058748	0.633417
ORI	1e-05	0.298987	0.035506	0.665496
ORI	1e-05	0.407707	0.039737	0.552546
ORI	1e-05	0.512384	0.038371	0.449235
ORI	0.004213	0.418984	0.022255	0.554548
ORI	1e-05	0.422577	0.061822	0.51559
ORI	1e-05	0.278753	0.064698	0.656538
ORI	1e-05	0.18024	0.040374	0.779377
ORI	0.009423	0.406558	0.045785	0.538233
ORI	1e-05	0.124829	0.089692	0.785469
ORI	0.004538	0.366563	0.039134	0.589765
ORI	1e-05	0.289878	0.060684	0.649428
ORI	0.006633	0.35763	0.050417	0.58532
ORI	0.008724	0.001439	0.001992	0.987846
ORI	0.01257	0.180176	0.028708	0.778547
ORI	1e-05	0.59795	0.024177	0.377863
ORI	0.008668	0.307828	0.051481	0.632023
ORI	0.000934	0.448088	0.067196	0.483783
ORI	1e-05	0.494669	0.059974	0.445348
ORI	2.7e-05	0.38018	0.058757	0.561037
ORI	1e-05	0.416749	0.050011	0.53323
ORI	1e-05	0.381433	0.031588	0.586969
ORI	0.005804	0.002292	0.000656	0.991247
ORI	0.017223	0.102617	0.016794	0.863365
ORI	1e-05	0.262174	0.037878	0.699939
ORI	0.00682	0.337019	0.045513	0.610648
ORI	1e-05	0.275258	0.065652	0.65908
ORI	1e-05	0.312984	0.018339	0.668667
ORI	1e-05	0.439583	0.131675	0.428732
ORI	0.007223	0.365821	0.043589	0.583366
ORI	1e-05	0.424426	0.06374	0.511823
ORI	0.003129	0.270806	0.047414	0.67865
ORI	0.001723	0.000245	5.4e-05	0.997978
ORI	1e-05	0.573002	0.047559	0.379429
ORI	0.000236	0.545437	0.044794	0.409533
ORI	0.003425	0.299951	0.046095	0.650529
ORI	0.004946	0.300355	0.04846	0.64624
ORI	1e-05	0.575643	0.062528	0.361819
ORI	1e-05	0.284906	0.06468	0.650404
ORI	1e-05	0.272209	0.027111	0.70067
ORI	1e-05	0.302229	0.052046	0.645716
ORI	0.014008	0.275836	0.0315	0.678656
ORI	1e-05	0.368349	0.056203	0.575438
ORI	0.005988	0.004694	0.001448	0.98787
ORI	1e-05	0.286384	0.030276	0.68333
ORI	0.001978	0.2384	0.054331	0.705291
ORI	1e-05	0.534154	0.05222	0.413615
ORI	0.008468	0.094125	0.049643	0.847764
ORI	0.000394	0.322968	0.068742	0.607896
ORI	0.000398	0.428422	0.031103	0.540078
ORI	1e-05	0.41964	0.065749	0.514601
ORI	0.006573	0.292777	0.039655	0.660994
ORI	0.003223	0.158941	0.02899	0.808847
ORI	0.011086	0.190469	0.048058	0.750387
ORI	1e-05	0.31506	0.019613	0.665317
ORI	0.004515	0.306296	0.042148	0.647042
ORI	0.009786	0.344639	0.081248	0.564326
ORI	0.007276	0.011259	0.000857	0.980607
ORI	1e-05	0.413118	0.063666	0.523206
ORI	0.000186	0.383325	0.045098	0.57139
ORI	0.011153	0.290366	0.051711	0.64677
ORI	1e-05	0.311388	0.051674	0.636928
ORI	0.012369	0.215619	0.049312	0.7227
ORI	0.008104	0.050109	0.005213	0.936574
ORI	1e-05	0.341554	0.067965	0.590471
ORI	0.021473	0.029097	0.015623	0.933807
ORI	0.014034	0.022446	0.05291	0.91061
ORI	1e-05	0.516553	0.062317	0.42112
ORI	1e-05	0.270184	0.037707	0.692099
ORI	0.0055	0.294549	0.055167	0.644784
ORI	1e-05	0.364549	0.034202	0.601239
ORI	0.001331	0.317066	0.081247	0.600357
ORI	0.00991	0.013495	0.003787	0.972808
ORI	0.010929	0.249961	0.045045	0.694065
ORI	0.017149	0.046023	0.014466	0.922362
ORI	1e-05	0.289324	0.034561	0.676106
ORI	0.006328	0.256725	0.077095	0.659851
ORI	0.008695	0.214843	0.044384	0.732077
ORI	0.004315	0.434351	0.040777	0.520556
ORI	0.154584	0.250027	0.043678	0.551711
ORI	1e-05	0.551049	0.038408	0.410533
ORI	0.011907	0.319088	0.03999	0.629014
ORI	0.011954	0.336078	0.065034	0.586935
ORI	1e-05	0.358474	0.050437	0.591079
ORI	0.000285	0.22862	0.051294	0.7198
ORI	0.014066	0.017392	0.004622	0.96392
ORI	1e-05	0.026848	0.818392	0.15475
ORI	0.011603	0.002701	0.001608	0.984088
ORI	0.013621	0.012228	0.014496	0.959654
ORI	1e-05	0.31233	0.048106	0.639554
ORI	1e-05	0.289601	0.047256	0.663132
ORI	3e-04	0.283589	0.056987	0.659124
ORI	1e-05	0.281182	0.050265	0.668543
ORI	0.005703	0.000176	0.000919	0.993203
ORI	1e-05	0.343847	0.064198	0.591945
ORI	1e-05	0.400656	0.059577	0.539757
ORI	0.017663	0.052491	0.010499	0.919346
ORI	0.002319	0.22708	0.007117	0.763484
ORI	1e-05	0.453696	0.061871	0.484423
ORI	0.004702	0.232397	0.040928	0.721973
ORI	1e-05	0.494871	0.050642	0.454476
ORI	0.001906	0.29354	0.044314	0.660239
ORI	1e-05	0.372421	0.048131	0.579437
ORI	0.010559	0.311765	0.042854	0.634822
ORI	0.007347	0.264202	0.05436	0.674091
ORI	1e-05	0.308368	0.032501	0.659121
ORI	0.008631	0.250824	0.062208	0.678337
ORI	0.012995	0.325315	0.041629	0.62006
ORI	1e-05	0.414768	0.031823	0.553399
ORI	0.001989	0.259019	0.040968	0.698024
ORI	0.005487	0.373964	0.060516	0.560033
ORI	0.010139	0.004412	0.002409	0.983041
ORI	1e-05	0.319393	0.067505	0.613092
ORI	0.004077	0.239917	0.037624	0.718381
ORI	1e-05	0.350522	0.103568	0.5459
ORI	0.013202	0.248336	0.050002	0.68846
ORI	0.00963	0.041431	0.000384	0.948555
ORI	0.002402	0.351264	0.056027	0.590307
ORI	0.005309	0.387871	0.05354	0.55328
ORI	0.001282	0.238669	0.051226	0.708823
ORI	1e-05	0.33177	0.076353	0.591867
ORI	0.005839	0.417913	0.043394	0.532854
ORI	0.001319	0.392767	0.048258	0.557655
ORI	0.014347	0.08103	0.02398	0.880644
ORI	0.005713	0.216486	0.024046	0.753754
ORI	1e-05	0.2897	0.054805	0.655484
ORI	1e-05	0.277403	0.053836	0.668751
ORI	0.001902	0.176891	0.011937	0.80927
ORI	1e-05	0.315706	0.038639	0.645646
ORI	1e-05	0.310585	0.0842	0.605204
ORI	1e-05	0.274052	0.061109	0.664829
ORI	1e-05	0.322552	0.024134	0.653304
ORI	0.005681	0.207022	0.122165	0.665131
ORI	0.004865	0.31338	0.052282	0.629473
ORI	0.017614	0.045684	0.031707	0.904994
ORI	0.005026	0.364541	0.045921	0.584513
ORI	0.000697	0.32333	0.079862	0.596111
ORI	0.001019	0.31272	0.05191	0.634352
ORI	1e-05	0.384977	0.043419	0.571594
ORI	0.017852	0.081721	0.010837	0.88959
ORI	1e-05	0.384105	0.049325	0.566561
ORI	0.000105	0.498567	0.058257	0.443071
ORI	0.000324	0.322753	0.060183	0.616741
ORI	1e-05	0.432718	0.03884	0.528432
ORI	1e-05	0.352035	0.036923	0.611031
ORI	0.001489	0.297112	0.079006	0.622394
ORI	0.002244	0.400761	0.04996	0.547034
ORI	1e-05	0.33496	0.042066	0.622964
ORI	1e-05	0.29019	0.023504	0.686295
ORI	0.009325	0.333299	0.052134	0.605242
ORI	1e-05	0.301092	0.034264	0.664634
ORI	1e-05	0.395159	0.047559	0.557271
ORI	0.005916	0.30573	0.055581	0.632773
ORI	0.01014	0.012176	0.015971	0.961713
ORI	1e-05	0.636138	0.029583	0.334269
ORI	1e-05	0.519013	0.031464	0.449513
ORI	0.009467	0.261923	0.054698	0.673912
ORI	0.012456	0.114939	0.008694	0.86391
ORI	1e-05	0.318016	0.063638	0.618336
ORI	0.00133	0.430533	0.158649	0.409488
ORI	0.003939	0.257544	0.057584	0.680932
ORI	1e-05	0.326262	0.072098	0.60163
ORI	1e-05	0.353448	0.052014	0.594528
ORI	0.001576	0.320378	0.038028	0.640017
ORI	1e-05	0.538357	0.034321	0.427312
ORI	0.06958	0.268036	0.057067	0.605317
ORI	0.021458	0.275153	0.07559	0.627799
ORI	0.00335	0.273809	0.051918	0.670923
ORI	0.000414	0.31588	0.057193	0.626513
EUR	1e-05	0.999163	1e-05	0.000817
EUR	1e-05	0.997974	1e-05	0.002006
EUR	1e-05	0.997839	1e-05	0.002141
EUR	1.3e-05	0.998603	1e-05	0.001374
EUR	1e-05	0.999762	1e-05	0.000218
EUR	1e-05	0.99997	1e-05	1e-05
EUR	1e-05	0.99997	1e-05	1e-05
EUR	1e-05	0.994336	1e-05	0.005644
EUR	1e-05	0.99997	1e-05	1e-05
EUR	1e-05	0.997802	1e-05	0.002178
EUR	1e-05	0.998421	1e-05	0.001559
EUR	1e-05	0.99997	1e-05	1e-05
EUR	1e-05	0.998314	1e-05	0.001666
EUR	1e-05	0.996424	1e-05	0.003556
EUR	1e-05	0.998522	1e-05	0.001458
EUR	1e-05	0.996695	1e-05	0.003285
EUR	1e-05	0.999051	1e-05	0.000929
EUR	1e-05	0.999496	1e-05	0.000484
EUR	1e-05	0.99997	1e-05	1e-05
EUR	1e-05	0.998031	1e-05	0.001949
EUR	1e-05	0.994777	1e-05	0.005203
EUR	1e-05	0.999383	1e-05	0.000597
EUR	1e-05	0.99997	1e-05	1e-05
EUR	1e-05	0.99997	1e-05	1e-05
EUR	1e-05	0.995583	1e-05	0.004397
EUR	1e-05	0.99997	1e-05	1e-05
EUR	1e-05	0.995446	1e-05	0.004534
EUR	1e-05	0.99997	1e-05	1e-05
EUR	1e-05	0.99997	1e-05	1e-05
EUR	1e-05	0.99997	1e-05	1e-05
EUR	1e-05	0.997139	1e-05	0.002841
EUR	1e-05	0.99997	1e-05	1e-05
EUR	1e-05	0.998255	1e-05	0.001725
EUR	1e-05	0.99997	1e-05	1e-05
EUR	1e-05	0.99997	1e-05	1e-05
EUR	1e-05	0.997672	1e-05	0.002308
EUR	1e-05	0.99997	1e-05	1e-05
EUR	1e-05	0.99997	1e-05	1e-05
EUR	1e-05	0.997027	1e-05	0.002953
EUR	1e-05	0.997533	1e-05	0.002447
EUR	1e-05	0.999394	1e-05	0.000586
EUR	1e-05	0.99997	1e-05	1e-05
EUR	1e-05	0.99997	1e-05	1e-05
EUR	0.001583	0.996557	1e-05	0.00185
EUR	1e-05	0.99997	1e-05	1e-05
EUR	1e-05	0.99997	1e-05	1e-05
EUR	1e-05	0.998724	1e-05	0.001256
EUR	1e-05	0.995868	1e-05	0.004112
EUR	1e-05	0.998196	1e-05	0.001784
EUR	1e-05	0.99997	1e-05	1e-05
EUR	1e-05	0.99556	1e-05	0.00442
EUR	1e-05	0.99997	1e-05	1e-05
EUR	1e-05	0.991672	1e-05	0.008308
EUR	1e-05	0.998746	1e-05	0.001234
EUR	1e-05	0.998271	1e-05	0.001709
EUR	0.052195	0.913276	1e-05	0.034519
EUR	0.043571	0.920979	1e-05	0.03544
EUR	0.026418	0.948543	1e-05	0.025029
EUR	0.054246	0.915571	1e-05	0.030173
EUR	0.061236	0.907418	1e-05	0.031336
EUR	0.044062	0.930963	1e-05	0.024965
EUR	0.050767	0.9198	1e-05	0.029422
EUR	0.051563	0.923106	1e-05	0.025321
EUR	0.046847	0.937007	0.001016	0.01513
EUR	0.054151	0.911921	1e-05	0.033918
EUR	0.046244	0.926043	1e-05	0.027702
EUR	0.061819	0.912527	1e-05	0.025644
EUR	0.048513	0.921621	1e-05	0.029856
EUR	0.057874	0.908334	1e-05	0.033782
EUR	0.038382	0.934808	1e-05	0.0268
EUR	0.047529	0.92513	1e-05	0.027331
EUR	0.032064	0.944365	1e-05	0.023561
EUR	1e-05	0.993886	1e-05	0.006094
EUR	1e-05	0.99997	1e-05	1e-05
EUR	1e-05	0.99997	1e-05	1e-05
EUR	1e-05	0.99997	1e-05	1e-05
EUR	1e-05	0.999601	1e-05	0.000379
EUR	1e-05	0.99997	1e-05	1e-05
EUR	1e-05	0.999805	1e-05	0.000175
EUR	1e-05	0.998541	1e-05	0.001439
EUR	1e-05	0.99997	1e-05	1e-05
EUR	1e-05	0.99997	1e-05	1e-05
EUR	1e-05	0.99611	1e-05	0.00387
EUR	1e-05	0.999072	1e-05	0.000908
EUR	1e-05	0.999688	1e-05	0.000292
EUR	1e-05	0.99997	1e-05	1e-05
EUR	1e-05	0.997639	1e-05	0.002341
EUR	1e-05	0.998083	1e-05	0.001897
EUR	1e-05	0.999726	1e-05	0.000254
EUR	1e-05	0.99997	1e-05	1e-05
EUR	1e-05	0.99997	1e-05	1e-05
EUR	1e-05	0.999518	1e-05	0.000462
EUR	1e-05	0.999697	1e-05	0.000283
EUR	1e-05	0.997902	1e-05	0.002078
EUR	1e-05	0.99997	1e-05	1e-05
EUR	1e-05	0.99997	1e-05	1e-05
EUR	1e-05	0.99997	1e-05	1e-05
EUR	1e-05	0.997472	1e-05	0.002508
EUR	1e-05	0.99997	1e-05	1e-05
EUR	1e-05	0.99997	1e-05	1e-05
EUR	1e-05	0.99997	1e-05	1e-05
EUR	1e-05	0.996248	1e-05	0.003732
EUR	1e-05	0.99997	1e-05	1e-05
EUR	0.048375	0.929395	1e-05	0.02222
EUR	0.059222	0.917617	1e-05	0.02315
EUR	0.038635	0.940736	1e-05	0.020619
EUR	0.041	0.928716	1e-05	0.030274
EUR	0.0697	0.903826	1e-05	0.026464
EUR	0.065111	0.904406	1e-05	0.030472
EUR	0.044052	0.934903	1e-05	0.021035
EUR	0.036274	0.935435	1e-05	0.028281
EUR	0.039184	0.944901	1e-05	0.015906
EUR	0.044311	0.92565	1e-05	0.030029
EUR	0.023842	0.953144	1e-05	0.023004
EUR	0.047704	0.924153	1e-05	0.028133
EUR	0.051326	0.926731	1e-05	0.021933
EUR	0.043583	0.925497	1e-05	0.03091
EUR	0.057449	0.922297	1e-05	0.020244
EUR	0.042396	0.92794	1e-05	0.029654
EUR	0.054383	0.918883	1e-05	0.026723
EUR	0.046306	0.927226	1e-05	0.026457
EUR	0.05952	0.911248	1e-05	0.029222
EUR	0.05286	0.923106	1e-05	0.024025
EUR	0.032618	0.945446	1e-05	0.021926
EUR	0.055386	0.921292	1e-05	0.023312
EUR	0.0472	0.923726	1e-05	0.029064
EUR	0.030974	0.947125	1e-05	0.021891
EUR	0.020808	0.958811	1e-05	0.020372
EUR	0.057047	0.917035	1e-05	0.025908
EUR	0.042398	0.924342	1e-05	0.03325
EUR	0.033835	0.942898	1e-05	0.023257
EUR	0.04771	0.927379	1e-05	0.024901
EUR	0.039141	0.935547	1e-05	0.025302
EUR	0.052961	0.917929	1e-05	0.0291
EUR	0.05527	0.919879	1e-05	0.024841
EUR	0.046432	0.919132	1e-05	0.034426
EUR	0.061285	0.904112	1e-05	0.034593
EUR	0.039342	0.933074	1e-05	0.027575
EUR	0.045406	0.924001	1e-05	0.030583
EUR	0.038883	0.933258	1e-05	0.027849
EUR	0.035698	0.944746	1e-05	0.019546
EUR	0.040097	0.934068	1e-05	0.025825
EUR	0.04063	0.931164	1e-05	0.028195
EUR	0.044627	0.931416	1e-05	0.023947
EUR	0.031851	0.945926	1e-05	0.022213
EUR	0.040636	0.935053	1e-05	0.024301
EUR	0.055453	0.920199	1e-05	0.024338
EUR	0.024179	0.947759	1e-05	0.028052
EUR	0.041816	0.936696	1e-05	0.021478
EUR	0.056392	0.923438	1e-05	0.02016
EUR	0.040422	0.935611	0.004751	0.019216
EUR	0.054118	0.920948	1e-05	0.024924
EUR	0.042149	0.928483	1e-05	0.029358
EUR	0.018316	0.966953	1e-05	0.014721
EUR	0.048774	0.924626	1e-05	0.02659
EUR	0.038342	0.935207	1e-05	0.026441
EUR	0.049616	0.925599	1e-05	0.024775
EUR	0.016018	0.969932	1e-05	0.01404
EUR	0.043852	0.931169	1e-05	0.024969
EUR	0.050062	0.924537	1e-05	0.025392
EUR	0.03062	0.945856	1e-05	0.023514
EUR	0.038574	0.934194	1e-05	0.027222
EUR	0.036823	0.937415	1e-05	0.025752
EUR	0.053436	0.906194	1e-05	0.04036
EUR	0.036187	0.944163	1e-05	0.01964
EUR	0.058626	0.911869	1e-05	0.029495
EUR	0.041496	0.93364	1e-05	0.024854
EUR	0.039137	0.930517	1e-05	0.030336
EUR	0.048139	0.922691	1e-05	0.02916
EUR	0.045357	0.926933	1e-05	0.027699
EUR	0.052164	0.920522	1e-05	0.027305
EUR	0.05964	0.911415	1e-05	0.028936
EUR	0.044811	0.922941	1e-05	0.032238
EUR	0.046792	0.928312	1e-05	0.024886
EUR	0.038723	0.934099	1e-05	0.027167
EUR	0.059481	0.905748	1e-05	0.034761
EUR	0.044346	0.927759	1e-05	0.027885
EUR	0.029346	0.950993	1e-05	0.019652
EUR	0.049692	0.924927	1e-05	0.025371
EUR	0.03817	0.936721	1e-05	0.025098
EUR	0.023511	0.963511	1e-05	0.012968
EUR	0.041149	0.93734	1e-05	0.021501
EUR	0.049755	0.922216	1e-05	0.02802
EUR	0.053766	0.920603	1e-05	0.025621
EUR	0.036114	0.937119	1e-05	0.026757
EAS	0.996548	1e-05	1e-05	0.003432
EAS	0.998855	1e-05	1e-05	0.001125
EAS	0.99997	1e-05	1e-05	1e-05
EAS	0.99997	1e-05	1e-05	1e-05
EAS	0.998203	1e-05	1e-05	0.001777
EAS	0.99997	1e-05	1e-05	1e-05
EAS	0.99997	1e-05	1e-05	1e-05
EAS	0.99997	1e-05	1e-05	1e-05
EAS	0.99997	1e-05	1e-05	1e-05
EAS	0.99997	1e-05	1e-05	1e-05
EAS	0.99997	1e-05	1e-05	1e-05
EAS	0.99997	1e-05	1e-05	1e-05
EAS	0.998878	1e-05	1e-05	0.001102
EAS	0.99997	1e-05	1e-05	1e-05
EAS	0.997793	1e-05	1e-05	0.002187
EAS	0.99997	1e-05	1e-05	1e-05
EAS	0.99997	1e-05	1e-05	1e-05
EAS	0.99997	1e-05	1e-05	1e-05
EAS	0.99997	1e-05	1e-05	1e-05
EAS	0.99997	1e-05	1e-05	1e-05
EAS	0.99997	1e-05	1e-05	1e-05
EAS	0.99997	1e-05	1e-05	1e-05
EAS	0.99997	1e-05	1e-05	1e-05
EAS	0.999822	1e-05	1e-05	0.000158
EAS	0.99997	1e-05	1e-05	1e-05
EAS	0.99997	1e-05	1e-05	1e-05
EAS	0.99997	1e-05	1e-05	1e-05
EAS	0.99997	1e-05	1e-05	1e-05
EAS	0.99997	1e-05	1e-05	1e-05
EAS	0.99997	1e-05	1e-05	1e-05
EAS	0.99997	1e-05	1e-05	1e-05
EAS	0.99997	1e-05	1e-05	1e-05
EAS	0.99997	1e-05	1e-05	1e-05
EAS	0.99997	1e-05	1e-05	1e-05
EAS	0.99997	1e-05	1e-05	1e-05
EAS	0.99997	1e-05	1e-05	1e-05
EAS	0.996607	1e-05	1e-05	0.003373
EAS	0.998326	1e-05	1e-05	0.001654
EAS	0.99997	1e-05	1e-05	1e-05
EAS	0.99997	1e-05	1e-05	1e-05
EAS	0.99997	1e-05	1e-05	1e-05
EAS	0.99997	1e-05	1e-05	1e-05
AMR	0.001685	0.770231	0.084337	0.143748
AMR	1e-05	0.630668	0.183111	0.186211
AMR	1e-05	0.805392	0.078561	0.116036
EAS	0.99997	1e-05	1e-05	1e-05
EAS	0.99997	1e-05	1e-05	1e-05
EAS	0.995294	1e-05	1e-05	0.004686
EAS	0.99997	1e-05	1e-05	1e-05
EAS	0.99997	1e-05	1e-05	1e-05
EAS	0.99997	1e-05	1e-05	1e-05
EAS	0.99997	1e-05	1e-05	1e-05
EAS	0.99997	1e-05	1e-05	1e-05
EAS	0.99997	1e-05	1e-05	1e-05
EAS	0.997652	1e-05	1e-05	0.002328
EAS	0.995356	0.004624	1e-05	1e-05
EAS	0.976619	0.007821	1e-05	0.015551
EAS	0.99997	1e-05	1e-05	1e-05
EAS	0.99997	1e-05	1e-05	1e-05
EAS	0.99997	1e-05	1e-05	1e-05
EAS	0.99997	1e-05	1e-05	1e-05
EAS	0.99997	1e-05	1e-05	1e-05
EAS	0.99997	1e-05	1e-05	1e-05
EAS	0.99997	1e-05	1e-05	1e-05
EAS	0.99997	1e-05	1e-05	1e-05
EAS	0.99997	1e-05	1e-05	1e-05
EAS	0.99997	1e-05	1e-05	1e-05
EAS	0.99997	1e-05	1e-05	1e-05
EAS	0.996648	1e-05	1e-05	0.003332
EAS	0.99997	1e-05	1e-05	1e-05
EAS	0.99997	1e-05	1e-05	1e-05
EAS	0.99997	1e-05	1e-05	1e-05
EAS	0.99997	1e-05	1e-05	1e-05
EAS	0.99997	1e-05	1e-05	1e-05
EAS	0.999009	1e-05	1e-05	0.000971
