region	group1	group2	group3	group4	group5
ORI	0.034335	0.32529	0.011583	0.628782	1e-05
ORI	0.061186	0.391627	1e-05	0.533381	0.013795
ORI	0.076567	0.213512	1e-05	0.706153	0.003758
ORI	0.05128	0.362637	1e-05	0.575825	0.010248
ORI	0.063709	0.167674	0.005363	0.763244	1e-05
ORI	0.067744	0.313542	0.007236	0.611468	1e-05
ORI	5.1e-05	0.001974	0.004465	0.9935	1e-05
ORI	0.004826	0.01859	0.012578	0.963996	1e-05
ORI	0.003305	0.006511	0.005829	0.984333	2.1e-05
ORI	0.042113	0.33589	0.014803	0.607184	1e-05
ORI	0.034033	0.379384	0.007495	0.564174	0.014914
ORI	0.050016	0.433533	1e-05	0.507386	0.009054
ORI	0.045877	0.333923	1e-05	0.610007	0.010182
ORI	0.050318	0.299912	0.004624	0.645136	1e-05
ORI	0.003284	0.033195	0.004631	0.957469	0.00142
ORI	0.073486	0.403451	0.006203	0.503982	0.012877
ORI	0.06225	0.415191	1e-05	0.522539	1e-05
ORI	0.043439	0.046043	0.001398	0.898777	0.010343
ORI	0.067527	0.301474	1e-05	0.627647	0.003342
ORI	0.047667	0.327956	1e-05	0.624357	1e-05
ORI	0.045874	0.305278	0.00798	0.626494	0.014374
ORI	0.070888	0.311846	0.014178	0.601169	0.00192
ORI	0.058135	0.444498	0.003127	0.491673	0.002566
ORI	0.054304	0.3102	0.001245	0.634241	1e-05
ORI	0.050349	0.333437	1e-05	0.609389	0.006816
ORI	0.062326	0.379919	1e-05	0.543255	0.01449
ORI	0.056959	0.164656	0.007117	0.771258	1e-05
ORI	0.097152	0.269278	1e-05	0.629382	0.004178
ORI	0.061763	0.523925	1e-05	0.413835	0.000468
ORI	0.017918	0.157563	0.003893	0.813598	0.007028
ORI	0.046935	0.35581	1e-05	0.58735	0.009895
ORI	0.055172	0.367021	1e-05	0.57081	0.006987
ORI	0.058666	0.370544	1e-05	0.556952	0.013827
ORI	0.037975	0.348512	1e-05	0.613492	1e-05
ORI	0.002771	0.014546	0.00269	0.979983	1e-05
ORI	0.049717	0.361094	2.5e-05	0.589154	1e-05
ORI	0.031683	0.317827	1e-05	0.644353	0.006127
ORI	0.035584	0.341974	1e-05	0.613681	0.008751
ORI	0.038563	0.467433	1e-05	0.4889	0.005095
ORI	0.023718	0.441246	1e-05	0.527357	0.007669
ORI	0.035855	0.734889	1e-05	0.226054	0.003192
ORI	0.027092	0.52846	1e-05	0.444428	1e-05
ORI	0.051814	0.702559	1e-05	0.237363	0.008254
ORI	0.06899	0.349799	0.000673	0.568315	0.012222
ORI	0.062933	0.531405	1e-05	0.396023	0.009629
ORI	0.040888	0.237098	0.00147	0.707489	0.013056
ORI	0.015482	0.02012	0.002906	0.960212	0.00128
ORI	0.056636	0.269824	1e-05	0.667783	0.005747
ORI	0.0549	0.388733	0.000477	0.55588	1e-05
ORI	0.074618	0.285944	1e-05	0.637765	0.001663
ORI	0.022591	0.433687	1e-05	0.532645	0.011068
ORI	0.054606	0.382434	1e-05	0.56294	1e-05
ORI	0.065315	0.457891	0.004927	0.471733	0.000134
ORI	0.020972	0.308516	0.006337	0.662468	0.001707
ORI	0.069114	0.311263	0.000995	0.614752	0.003876
ORI	0.016917	0.175692	0.009182	0.798199	1e-05
ORI	0.039327	0.751036	1e-05	0.209398	0.000229
ORI	0.083924	0.297148	1e-05	0.610531	0.008387
ORI	0.032003	0.856916	1e-05	0.111061	1e-05
ORI	0.043519	0.344902	0.010629	0.60094	1e-05
ORI	0.086602	0.335894	0.004911	0.568881	0.003712
ORI	0.048245	0.387792	0.011878	0.551776	0.00031
ORI	0.053892	0.227814	0.018223	0.69668	0.003391
ORI	0.057765	0.300079	0.003516	0.63525	0.00339
ORI	0.032328	0.684875	1e-05	0.282777	1e-05
ORI	0.020456	0.14681	1e-05	0.824369	0.008355
ORI	0.026076	0.396763	0.008747	0.568404	1e-05
ORI	0.025021	0.365955	1e-05	0.604099	0.004915
ORI	0.017575	0.360023	0.000118	0.610044	0.01224
ORI	0.041534	0.327267	1e-05	0.631178	1e-05
ORI	0.082044	0.245775	1e-05	0.66516	0.007012
ORI	0.057085	0.419089	0.005696	0.507368	0.010761
ORI	0.061274	0.385947	0.004254	0.548515	1e-05
ORI	0.036562	0.442872	0.00028	0.516733	0.003553
ORI	0.05574	0.349968	1e-05	0.594272	1e-05
ORI	0.072255	0.407305	1e-05	0.51571	0.00472
ORI	0.031649	0.214251	1e-05	0.74998	0.00411
ORI	0.053374	0.448611	0.000198	0.497808	1e-05
ORI	0.068512	0.312481	0.005517	0.605445	0.008045
ORI	0.048947	0.39542	0.000677	0.554945	1e-05
ORI	0.019243	0.162131	0.005314	0.813176	0.000135
ORI	0.050048	0.473979	1e-05	0.466682	0.009282
ORI	0.083157	0.277845	0.008682	0.62337	0.006947
ORI	0.031582	0.271957	0.012303	0.68217	0.001987
ORI	0.048784	0.296119	1e-05	0.655077	1e-05
ORI	0.044814	0.390284	0.002527	0.562365	1e-05
ORI	0.043527	0.565025	1e-05	0.391428	1e-05
ORI	0.05305	0.399559	0.001259	0.543666	0.002465
ORI	0.08627	0.283654	0.00701	0.623055	1e-05
ORI	0.056111	0.448563	1e-05	0.483834	0.011482
ORI	0.032362	0.50139	1e-05	0.461357	0.00488
ORI	0.065102	0.31735	0.007237	0.606073	0.004237
ORI	0.037612	0.435437	0.004099	0.522842	1e-05
ORI	0.019769	0.3282	0.009016	0.637509	0.005506
ORI	0.045538	0.309038	1e-05	0.641934	0.003479
ORI	0.053343	0.287007	0.000172	0.659468	1e-05
ORI	0.035838	0.52579	1e-05	0.426196	0.012166
ORI	0.036563	0.286703	0.01218	0.662377	0.002178
ORI	0.143768	0.402889	0.000552	0.442309	0.010481
ORI	0.042828	0.260236	0.00269	0.680961	0.013285
ORI	0.087107	0.251064	0.005406	0.656414	1e-05
ORI	0.042411	0.360949	0.004889	0.589072	0.002679
ORI	0.076079	0.30727	1e-05	0.616631	1e-05
ORI	0.062851	0.320637	1e-05	0.616493	1e-05
ORI	0.036234	0.730754	1e-05	0.232992	1e-05
ORI	0.045789	0.616715	0.000183	0.337303	1e-05
ORI	0.061796	0.587631	0.001212	0.349351	1e-05
ORI	0.048342	0.268114	1e-05	0.676179	0.007355
ORI	0.050907	0.348163	0.0023	0.590045	0.008584
ORI	0.057295	0.251082	0.002779	0.683611	0.005234
ORI	0.051823	0.244261	0.001853	0.698559	0.003505
ORI	0.02986	0.307137	1e-05	0.654734	0.008259
ORI	0.037681	0.456519	1e-05	0.50578	1e-05
ORI	0.045188	0.419859	1e-05	0.534511	0.000432
ORI	0.071432	0.340293	1e-05	0.588255	1e-05
ORI	0.063556	0.432483	0.002302	0.501307	0.000352
ORI	0.064668	0.29012	1e-05	0.642559	0.002643
ORI	0.061247	0.290982	1e-05	0.637644	0.010117
ORI	0.051323	0.326697	1e-05	0.62196	1e-05
ORI	0.036634	0.202692	0.003486	0.757179	1e-05
ORI	0.049471	0.355923	1e-05	0.586584	0.008012
ORI	0.069349	0.518144	1e-05	0.398478	0.014019
ORI	0.058739	0.426419	0.002231	0.509751	0.00286
ORI	0.002371	0.113241	0.005548	0.878831	1e-05
ORI	0.065746	0.331584	1.2e-05	0.602649	1e-05
ORI	0.041287	0.401657	1e-05	0.550795	0.006251
ORI	0.051764	0.305319	0.002928	0.626909	0.01308
ORI	0.025647	0.398493	0.011022	0.559137	0.005701
ORI	0.03814	0.240872	0.004926	0.705756	0.010305
ORI	0.052024	0.459592	1e-05	0.483778	0.004596
ORI	0.045071	0.775492	1e-05	0.179416	1e-05
ORI	0.074038	0.28551	1e-05	0.640431	1e-05
ORI	0.050709	0.274449	0.011286	0.658094	0.005462
ORI	0.107085	0.360283	0.008787	0.518702	0.005143
ORI	0.03066	0.392187	1e-05	0.568066	0.009077
ORI	0.001857	0.003137	0.002855	0.992141	1e-05
ORI	0.043323	0.455859	1e-05	0.500799	1e-05
ORI	0.049739	0.25915	0.002147	0.682998	0.005967
ORI	0.074439	0.381041	0.008467	0.536043	1e-05
ORI	0.029695	0.424819	0.004772	0.537463	0.003251
ORI	0.045072	0.734613	1e-05	0.217226	0.003079
ORI	0.064113	0.228621	1e-05	0.691831	0.015425
ORI	0.07324	0.597731	1e-05	0.318466	0.010553
ORI	0.063467	0.2827	1e-05	0.646129	0.007694
ORI	0.013899	0.073413	0.007836	0.904842	1e-05
ORI	0.028172	0.115727	0.01355	0.834749	0.007802
ORI	0.041065	0.31289	0.003479	0.624738	0.017828
ORI	0.037003	0.049153	0.009768	0.902819	0.001257
ORI	0.042359	0.31462	0.009725	0.631562	0.001734
ORI	0.064924	0.288088	1e-05	0.645751	0.001227
ORI	0.060996	0.348831	0.009768	0.569832	0.010573
ORI	0.04561	0.24736	0.000331	0.694492	0.012207
ORI	0.043861	0.388028	1e-05	0.552649	0.015453
ORI	0.058042	0.335425	1e-05	0.598841	0.007682
ORI	0.053185	0.213438	0.000656	0.723746	0.008974
ORI	0.059852	0.257833	1e-05	0.673757	0.008548
ORI	0.047394	0.292902	1e-05	0.653289	0.006405
ORI	0.047797	0.757047	1e-05	0.195136	1e-05
ORI	0.04518	0.226046	0.009033	0.719731	1e-05
ORI	0.056684	0.384874	1e-05	0.551311	0.00712
ORI	0.088437	0.284458	0.006607	0.620488	1e-05
ORI	0.047949	0.390158	0.003194	0.550315	0.008384
ORI	1e-05	0.000203	0.003276	0.996501	1e-05
ORI	0.028029	0.624332	1e-05	0.347619	1e-05
ORI	0.070232	0.252217	0.001709	0.668818	0.007023
ORI	0.095728	0.480426	0.001895	0.421794	0.000156
ORI	0.038978	0.567172	1e-05	0.381104	0.012737
ORI	0.050451	0.359409	0.007118	0.583013	1e-05
ORI	0.000505	0.002187	0.005173	0.992099	3.5e-05
ORI	0.060626	0.352509	1e-05	0.586845	1e-05
ORI	0.04335	0.238082	0.011439	0.707119	1e-05
ORI	0.054807	0.23332	1e-05	0.711853	1e-05
ORI	0.05354	0.347266	1e-05	0.594796	0.004388
ORI	0.046009	0.606489	1e-05	0.327166	0.020326
ORI	0.055192	0.255621	1e-05	0.689168	1e-05
ORI	0.052211	0.330753	1e-05	0.612129	0.004898
ORI	0.044882	0.345194	1e-05	0.609904	1e-05
ORI	0.042253	0.327742	0.005868	0.618915	0.005222
ORI	0.051185	0.37317	0.002529	0.571034	0.002083
ORI	0.05583	0.296261	0.00197	0.643829	0.00211
ORI	0.055687	0.422161	1e-05	0.509296	0.012846
ORI	0.131416	0.194789	0.001391	0.669488	0.002916
ORI	0.044426	0.226289	0.011908	0.717367	1e-05
ORI	0.048048	0.438576	0.002586	0.498435	0.012356
ORI	0.053847	0.255071	1e-05	0.691063	1e-05
ORI	0.04273	0.30678	0.011902	0.635159	0.003428
ORI	0.058266	0.356124	1e-05	0.585589	1e-05
ORI	0.045052	0.315733	1e-05	0.632981	0.006224
ORI	0.0428	0.341794	0.006306	0.60909	1e-05
ORI	0.042786	0.392337	0.00454	0.560327	1e-05
ORI	0.049317	0.348976	1e-05	0.601687	1e-05
ORI	0.028849	0.505584	1e-05	0.462334	0.003223
ORI	0.060835	0.285019	1e-05	0.651822	0.002313
ORI	0.039521	0.335355	1e-05	0.605725	0.019389
ORI	0.056306	0.419911	1e-05	0.523763	1e-05
ORI	0.043687	0.289764	1e-05	0.659244	0.007296
ORI	0.021139	0.583082	1e-05	0.387846	0.007922
ORI	0.071708	0.22709	0.006741	0.679818	0.014643
ORI	0.081598	0.2665	0.005204	0.645643	0.001056
ORI	0.036819	0.498328	1e-05	0.462466	0.002377
ORI	0.053945	0.35775	0.0053	0.582995	1e-05
ORI	0.029406	0.321822	0.012186	0.624245	0.012342
ORI	0.052446	0.344676	0.004555	0.593186	0.005137
ORI	0.073921	0.27635	0.006444	0.626572	0.016712
ORI	0.055358	0.555255	1e-05	0.388821	0.000556
ORI	0.044619	0.615541	1e-05	0.330803	0.009026
ORI	0.049013	0.368864	1e-05	0.573604	0.008509
ORI	0.055787	0.288112	0.006527	0.649564	1e-05
ORI	0.087639	0.360759	0.009602	0.54199	1e-05
ORI	0.025786	0.852695	1e-05	0.121499	1e-05
ORI	0.042291	0.387839	1e-05	0.560058	0.009802
ORI	0.051479	0.724323	1e-05	0.222236	0.001951
ORI	0.070836	0.377722	0.001158	0.545465	0.00482
ORI	0.032284	0.200803	0.013531	0.735122	0.01826
ORI	0.045747	0.325132	0.000958	0.619839	0.008323
ORI	0.057317	0.346275	1e-05	0.596389	1e-05
ORI	0.059761	0.346901	8.1e-05	0.583185	0.010072
ORI	0.035458	0.749619	1e-05	0.214903	1e-05
ORI	0.058071	0.332612	0.005369	0.57607	0.027879
ORI	0.049082	0.317425	1e-05	0.633473	1e-05
ORI	0.042182	0.596805	1e-05	0.35456	0.006443
ORI	0.043848	0.397479	0.011415	0.547249	1e-05
ORI	0.07879	0.352795	1e-05	0.566317	0.002088
ORI	0.045551	0.261528	0.010791	0.669625	0.012506
ORI	0.057408	0.269524	0.000866	0.663135	0.009067
ORI	0.079638	0.293727	0.003448	0.623177	1e-05
ORI	0.045955	0.394672	1e-05	0.546106	0.013258
ORI	0.056172	0.388506	0.001723	0.551993	0.001606
ORI	0.066204	0.382557	0.011546	0.528358	0.011335
ORI	0.054914	0.42403	0.003448	0.509189	0.00842
ORI	0.071987	0.274592	0.003802	0.640015	0.009604
ORI	0.011345	0.191772	0.002532	0.788714	0.005637
ORI	0.046812	0.400893	0.001271	0.544609	0.006415
ORI	0.046946	0.509202	1e-05	0.435198	0.008644
ORI	0.010025	0.17444	1e-05	0.800425	0.0151
ORI	0.042609	0.389384	0.006319	0.561677	1e-05
ORI	0.016166	0.224623	1e-05	0.74541	0.013791
ORI	0.071068	0.305338	1e-05	0.621998	0.001585
ORI	0.046502	0.24764	0.002226	0.703621	1e-05
ORI	0.036359	0.48838	0.001869	0.466627	0.006765
ORI	0.047287	0.242152	1e-05	0.701611	0.008939
ORI	0.025926	0.457696	0.015548	0.497325	0.003505
ORI	0.00566	0.215109	0.000711	0.77441	0.00411
ORI	0.073235	0.316053	0.012454	0.582375	0.015883
ORI	0.028427	0.326977	0.000631	0.62935	0.014614
ORI	0.085137	0.365888	0.003475	0.54406	0.00144
ORI	0.031374	0.089085	0.011623	0.867908	1e-05
ORI	0.057179	0.22269	0.004935	0.701346	0.01385
ORI	0.036083	0.370905	0.00155	0.583519	0.007943
ORI	0.025155	0.320981	0.013942	0.639913	1e-05
ORI	0.035409	0.242447	0.016883	0.705252	1e-05
ORI	0.052284	0.248937	0.005814	0.677204	0.015762
ORI	0.023862	0.079348	0.019271	0.875268	0.002252
ORI	0.061967	0.216766	0.001985	0.710896	0.008387
ORI	0.026714	0.431094	0.001781	0.535074	0.005337
ORI	0.008472	0.250466	0.015929	0.725123	1e-05
ORI	0.055553	0.357191	0.004093	0.574059	0.009105
ORI	0.07995	0.522078	1e-05	0.391157	0.006806
ORI	0.046004	0.433344	1e-05	0.505755	0.014888
ORI	0.030826	0.672265	1e-05	0.295787	0.001112
ORI	0.042759	0.30591	1e-05	0.647904	0.003417
ORI	0.047291	0.580726	1e-05	0.366334	0.005639
ORI	0.044273	0.361402	1e-05	0.594305	1e-05
ORI	0.027713	0.52762	1e-05	0.43445	0.010207
ORI	0.033101	0.160657	0.016637	0.78671	0.002896
ORI	0.049968	0.287443	1e-05	0.658097	0.004482
ORI	0.059586	0.392639	0.021822	0.525943	1e-05
ORI	0.056118	0.258784	1e-05	0.685078	1e-05
ORI	0.037185	0.321082	1e-05	0.63181	0.009914
ORI	0.000315	0.062514	0.005321	0.927964	0.003886
ORI	0.021226	0.285305	1e-05	0.690614	0.002845
ORI	0.015745	0.315118	1e-05	0.662922	0.006204
ORI	0.04321	0.355783	1e-05	0.596776	0.00422
ORI	0.063265	0.567092	1e-05	0.368294	0.001338
ORI	0.01777	0.349031	1e-05	0.633179	1e-05
ORI	0.044199	0.321062	0.011656	0.611852	0.011231
ORI	0.061308	0.384868	1e-05	0.54585	0.007964
ORI	0.055014	0.184784	0.00903	0.751162	1e-05
ORI	0.065265	0.34185	1e-05	0.592865	1e-05
ORI	0.065133	0.280837	1e-05	0.65401	1e-05
ORI	0.055581	0.229368	0.005797	0.708068	0.001186
ORI	0.141487	0.368756	0.000685	0.489062	1e-05
ORI	0.038725	0.590704	1e-05	0.367641	0.00292
ORI	0.053574	0.275642	0.004584	0.66545	0.00075
ORI	0.085113	0.275258	1e-05	0.631055	0.008564
ORI	0.059326	0.442579	1e-05	0.478965	0.019119
ORI	0.060163	0.366127	0.001093	0.569909	0.002708
ORI	0.041821	0.26747	1e-05	0.685332	0.005366
ORI	0.066043	0.449166	1e-05	0.484771	1e-05
ORI	0.022196	0.288414	1e-05	0.684175	0.005205
ORI	0.047166	0.465422	0.008851	0.475117	0.003444
ORI	0.048299	0.297615	0.010216	0.64386	1e-05
ORI	0.017566	0.069568	0.007829	0.901169	0.003868
ORI	0.066767	0.206176	1e-05	0.727037	1e-05
ORI	0.037054	0.830258	1e-05	0.132668	1e-05
ORI	0.103315	0.328221	1e-05	0.568445	1e-05
ORI	0.042024	0.303992	0.006681	0.637211	0.010091
ORI	0.056579	0.435392	0.001195	0.49834	0.008494
ORI	0.042921	0.197356	0.008717	0.748682	0.002324
ORI	0.060388	0.384611	0.008224	0.541021	0.005756
ORI	0.049314	0.331275	1e-05	0.617758	0.001643
ORI	0.06386	0.07696	0.008532	0.849057	0.001591
ORI	0.080062	0.410203	1e-05	0.498671	0.011054
ORI	0.048241	0.316935	0.01292	0.612236	0.009667
ORI	0.057187	0.403473	1e-05	0.539319	1e-05
ORI	0.078791	0.322822	9.2e-05	0.576219	0.022076
ORI	0.081835	0.33199	1e-05	0.579375	0.00679
ORI	0.045299	0.27574	0.006044	0.666567	0.006349
ORI	0.058641	0.295417	0.01181	0.630363	0.003768
ORI	0.049524	0.329806	0.004177	0.616484	1e-05
ORI	0.080681	0.385265	1e-05	0.525292	0.008751
ORI	0.06021	0.398246	1e-05	0.541524	1e-05
ORI	0.067687	0.259578	0.002267	0.66693	0.003538
ORI	0.057164	0.313418	1e-05	0.617726	0.011682
ORI	0.044422	0.274157	0.000676	0.680249	0.000497
ORI	0.056962	0.20337	0.015786	0.723872	1e-05
ORI	0.046762	0.21764	0.005188	0.718852	0.011558
ORI	0.055905	0.293778	0.005863	0.644444	1e-05
ORI	0.0745	0.429077	1e-05	0.484739	0.011674
ORI	0.070578	0.293789	0.000422	0.635201	1e-05
ORI	0.037521	0.538513	0.00082	0.423137	1e-05
ORI	0.062764	0.375893	1e-05	0.561323	1e-05
ORI	0.045093	0.322527	1e-05	0.624712	0.007657
ORI	0.057086	0.289266	1e-05	0.643765	0.009873
ORI	0.067936	0.382955	0.002051	0.547047	1e-05
ORI	0.032543	0.295258	0.004671	0.667517	1e-05
ORI	0.077557	0.311387	0.01214	0.594447	0.004469
ORI	0.036307	0.422362	1e-05	0.538201	0.003119
ORI	0.000597	0.000308	0.005524	0.992003	0.001568
ORI	0.033155	0.364915	0.007273	0.593448	0.001208
ORI	0.065882	0.330561	0.006008	0.596864	0.000684
ORI	0.058634	0.204958	0.011228	0.720753	0.004427
ORI	0.049069	0.296197	0.006528	0.648196	1e-05
ORI	0.067902	0.295118	0.004387	0.627819	0.004774
ORI	0.064839	0.333412	1e-05	0.597916	0.003823
ORI	0.043086	0.598813	1e-05	0.3542	0.00389
ORI	0.057119	0.389503	1e-05	0.553358	1e-05
ORI	0.035176	0.39319	1e-05	0.561546	0.010078
ORI	0.058914	0.339792	1e-05	0.601274	1e-05
ORI	0.050114	0.593885	1e-05	0.344576	0.011415
ORI	0.085486	0.398234	0.001123	0.515146	1e-05
ORI	0.076558	0.312323	0.005517	0.605592	1e-05
ORI	0.048899	0.240606	0.003769	0.706716	1e-05
ORI	0.100593	0.333668	0.010453	0.555276	1e-05
ORI	0.061656	0.519571	1e-05	0.417884	0.000879
ORI	0.073017	0.358202	1e-05	0.568761	1e-05
ORI	0.053234	0.36817	1e-05	0.572863	0.005724
ORI	0.036616	0.705816	1e-05	0.241365	0.016193
ORI	0.07585	0.361775	1e-05	0.554354	0.008011
ORI	0.049084	0.255558	0.011622	0.681458	0.002279
ORI	0.033319	0.261906	1e-05	0.704754	1e-05
ORI	0.047276	0.330814	0.012083	0.602803	0.007025
ORI	0.046526	0.267118	0.005758	0.672751	0.007847
ORI	0.077195	0.323005	0.002736	0.586884	0.01018
ORI	0.064194	0.345185	0.006835	0.576033	0.007753
ORI	0.055777	0.384102	1e-05	0.548323	0.011788
ORI	0.034131	0.629935	1e-05	0.3283	0.007624
ORI	0.086344	0.307301	0.010818	0.595528	1e-05
ORI	0.054277	0.346564	1e-05	0.59342	0.005729
ORI	0.069838	0.356557	1e-05	0.560995	0.0126
ORI	0.119524	0.383132	0.007751	0.489583	1e-05
ORI	0.061682	0.26105	0.00532	0.667149	0.004799
ORI	0.04382	0.399793	0.002642	0.548612	0.005134
ORI	0.069972	0.359733	0.00649	0.563795	1e-05
ORI	0.07146	0.239122	0.002596	0.674053	0.012769
ORI	0.076082	0.295536	0.004567	0.623805	1e-05
ORI	0.058073	0.368776	1e-05	0.573131	1e-05
ORI	0.03118	0.240516	0.004645	0.715242	0.008417
ORI	0.055974	0.455307	1e-05	0.483299	0.00541
ORI	0.053726	0.415999	0.004684	0.525581	1e-05
ORI	0.079551	0.319904	1e-05	0.589568	0.010968
ORI	0.034245	0.361803	1e-05	0.603932	1e-05
ORI	0.045354	0.315643	1e-05	0.631277	0.007716
ORI	0.03929	0.286838	1e-05	0.656373	0.017489
ORI	0.045286	0.347085	0.006185	0.597617	0.003828
ORI	0.045911	0.419948	1e-05	0.513516	0.020614
ORI	0.180712	0.314189	0.025017	0.466857	0.013226
ORI	0.091053	0.252106	1e-05	0.649878	0.006953
ORI	0.06157	0.450349	1e-05	0.483483	0.004588
ORI	0.030143	0.307784	0.008882	0.653181	1e-05
ORI	0.039629	0.31788	1e-05	0.625807	0.016674
ORI	0.049029	0.30301	0.007946	0.638431	0.001583
ORI	0.053576	0.400449	0.004535	0.531778	0.009662
ORI	0.056019	0.365211	1e-05	0.567648	0.011113
ORI	0.037753	0.293611	1e-05	0.668617	1e-05
ORI	0.057879	0.334883	0.0045	0.602727	1e-05
ORI	0.064936	0.366759	1e-05	0.565179	0.003116
ORI	0.046012	0.362377	0.003556	0.580507	0.007548
ORI	0.041247	0.349648	0.001748	0.607347	1e-05
ORI	0.002697	0.066262	0.006153	0.924878	1e-05
ORI	0.042461	0.369186	1e-05	0.579758	0.008585
ORI	0.050414	0.269442	1e-05	0.663569	0.016565
ORI	0.070402	0.275158	0.001447	0.652983	1e-05
ORI	0.052565	0.307574	1e-05	0.629216	0.010635
ORI	0.047163	0.371092	0.006042	0.574318	0.001384
ORI	0.028015	0.17111	0.004203	0.796661	1e-05
ORI	0.033959	0.375891	1e-05	0.577832	0.012308
ORI	0.063936	0.356363	0.001895	0.567795	0.010011
ORI	2.4e-05	0.001279	0.004198	0.994489	1e-05
ORI	0.043467	0.693393	1e-05	0.257436	0.005694
ORI	0.039019	0.288999	0.000662	0.658448	0.012872
ORI	0.049406	0.435595	1e-05	0.500382	0.014607
ORI	0.02238	0.17183	0.012597	0.793183	1e-05
ORI	0.06304	0.24986	1e-05	0.675113	0.011976
ORI	0.044576	0.274374	0.001959	0.679081	1e-05
ORI	0.05659	0.41521	1e-05	0.52818	1e-05
ORI	0.052305	0.553026	1e-05	0.390787	0.003872
ORI	0.069145	0.348557	0.009912	0.56506	0.007327
ORI	0.059843	0.35336	1e-05	0.575947	0.010839
ORI	0.037723	0.223039	0.002514	0.71783	0.018895
ORI	0.032945	0.260805	0.008837	0.694235	0.003179
ORI	0.062561	0.317127	0.012213	0.608088	1e-05
ORI	0.056464	0.415572	0.007684	0.517273	0.003007
ORI	0.054032	0.369849	0.004253	0.563883	0.007983
ORI	0.049521	0.262445	1e-05	0.673522	0.014502
ORI	0.038153	0.635829	1e-05	0.325998	1e-05
ORI	0.049695	0.505052	1e-05	0.425965	0.019278
ORI	0.002607	0.026586	0.009406	0.961391	1e-05
ORI	0.040673	0.585485	0.001566	0.372266	1e-05
ORI	0.086842	0.399852	1e-05	0.503505	0.009791
ORI	0.04022	0.219426	1e-05	0.740334	1e-05
ORI	0.043399	0.393805	0.006012	0.547602	0.009183
ORI	0.031471	0.693013	1e-05	0.268442	0.007064
ORI	0.064486	0.397233	1e-05	0.535724	0.002547
ORI	0.031697	0.423362	0.006019	0.538912	1e-05
ORI	0.044278	0.639802	0.000434	0.303007	0.012479
ORI	0.000331	0.00277	0.004777	0.992112	1e-05
ORI	0.026716	0.437928	0.002134	0.510276	0.022947
ORI	0.049368	0.323123	0.008456	0.619043	1e-05
ORI	0.061058	0.261202	0.0141	0.66363	1e-05
ORI	0.02476	0.442429	1e-05	0.520936	0.011865
ORI	0.054802	0.32076	0.001082	0.620371	0.002984
ORI	0.063885	0.365576	1e-05	0.568962	0.001567
ORI	0.111142	0.460372	1e-05	0.428466	1e-05
ORI	0.038227	0.31942	1e-05	0.628578	0.013765
ORI	0.032529	0.740836	1e-05	0.226615	1e-05
ORI	0.067409	0.345318	1e-05	0.581124	0.006139
ORI	0.046884	0.4563	0.002017	0.494788	1e-05
ORI	0.058214	0.43403	1e-05	0.507737	1e-05
ORI	0.043724	0.448232	1e-05	0.502617	0.005416
ORI	0.066716	0.459372	1e-05	0.465053	0.008849
ORI	0.084478	0.425879	1e-05	0.484026	0.005607
ORI	0.065784	0.200975	1.4e-05	0.733217	1e-05
ORI	0.055694	0.416296	1e-05	0.515383	0.012617
ORI	0.08536	0.468897	1e-05	0.445723	1e-05
ORI	0.041868	0.320549	0.015369	0.622204	1e-05
ORI	0.046177	0.419459	0.003405	0.530949	1e-05
ORI	0.05152	0.418178	1e-05	0.530281	1e-05
ORI	0.057743	0.376057	1e-05	0.552468	0.013722
ORI	0.03578	0.310455	0.001012	0.6462	0.006552
ORI	0.042388	0.316957	0.020789	0.608074	0.011792
ORI	0.058263	0.450926	1e-05	0.479792	0.011009
ORI	0.046116	0.32698	1e-05	0.617629	0.009265
ORI	0.060122	0.453961	1e-05	0.480308	0.005599
ORI	0.001305	0.044232	0.004271	0.950182	1e-05
ORI	0.065088	0.262581	0.007626	0.664694	1e-05
ORI	0.106329	0.232823	0.01286	0.647978	1e-05
ORI	0.06942	0.330193	0.001777	0.5986	1e-05
ORI	0.023964	0.532402	0.00807	0.434925	0.000639
ORI	0.053964	0.375536	0.011437	0.559053	1e-05
ORI	0.049402	0.32875	0.007339	0.608036	0.006473
ORI	0.048154	0.364637	0.009532	0.571302	0.006374
ORI	0.069489	0.361918	1e-05	0.568573	1e-05
ORI	0.006797	0.007429	0.002535	0.982158	0.00108
ORI	0.07082	0.338471	1e-05	0.582155	0.008544
ORI	0.04283	0.530466	1e-05	0.426685	1e-05
ORI	0.040013	0.162075	0.007657	0.788607	0.001648
ORI	0.047538	0.36125	1e-05	0.591191	1e-05
ORI	0.040248	0.217197	0.004177	0.737952	0.000426
ORI	0.047075	0.320148	1e-05	0.621875	0.010893
ORI	0.048019	0.335459	0.002827	0.609381	0.004314
ORI	0.084111	0.413853	0.009867	0.487743	0.004426
ORI	0.056137	0.34971	1e-05	0.59161	0.002534
ORI	0.066142	0.410924	0.001244	0.52168	1e-05
ORI	0.026631	0.429354	1e-05	0.543995	1e-05
ORI	0.045774	0.303167	0.001025	0.639448	0.010585
ORI	0.065183	0.359613	1e-05	0.575184	1e-05
ORI	0.009108	0.066799	0.004577	0.915643	0.003873
ORI	0.05605	0.334287	0.003527	0.603128	0.003009
ORI	0.055953	0.262103	0.009442	0.672492	1e-05
ORI	0.072996	0.273003	0.006648	0.642111	0.005241
ORI	0.067025	0.198765	0.003556	0.72155	0.009105
ORI	0.070998	0.231997	1e-05	0.696153	0.000842
ORI	0.046095	0.349986	1e-05	0.592682	0.011228
ORI	0.049374	0.324149	1e-05	0.626457	1e-05
ORI	0.070929	0.209847	0.002106	0.706101	0.011017
ORI	0.063775	0.362599	1.9e-05	0.573597	1e-05
ORI	0.039732	0.2911	1e-05	0.658187	0.010972
ORI	0.042587	0.279226	0.008494	0.669684	1e-05
ORI	0.03825	0.291572	0.00677	0.660687	0.002721
ORI	0.052902	0.422447	1e-05	0.497199	0.027442
ORI	0.061483	0.332962	1e-05	0.598741	0.006804
ORI	0.052404	0.334157	0.004344	0.585176	0.023919
ORI	0.051209	0.326993	0.003571	0.618218	1e-05
ORI	0.016628	0.166874	1e-05	0.815842	0.000646
ORI	0.039505	0.360848	0.01699	0.576863	0.005794
ORI	0.060847	0.253216	0.006878	0.672277	0.006782
ORI	0.030296	0.69921	1e-05	0.268384	0.0021
ORI	0.079954	0.360756	1e-05	0.55927	1e-05
ORI	0.045188	0.313046	1e-05	0.632804	0.008952
ORI	0.014647	0.009255	0.007713	0.968376	1e-05
ORI	0.071709	0.380452	1e-05	0.547819	1e-05
ORI	0.055112	0.394704	1e-05	0.540409	0.009765
ORI	0.038328	0.551956	1e-05	0.405615	0.00409
ORI	0.035929	0.271041	0.005851	0.679415	0.007763
ORI	0.056593	0.317296	1e-05	0.626091	1e-05
ORI	0.072867	0.364269	0.00681	0.547636	0.008418
ORI	0.058107	0.344421	1e-05	0.597451	1e-05
ORI	0.07091	0.209575	1e-05	0.71598	0.003524
ORI	1e-05	0.009009	0.003506	0.987465	1e-05
ORI	0.089141	0.221194	1e-05	0.683071	0.006584
ORI	0.031836	0.368935	1e-05	0.596826	0.002392
ORI	0.054869	0.350115	0.00513	0.576641	0.013245
ORI	0.096925	0.180342	0.036497	0.686227	1e-05
ORI	0.045898	0.276054	1e-05	0.678028	1e-05
ORI	0.044218	0.341233	1e-05	0.602836	0.011703
ORI	0.094253	0.335795	0.000373	0.569569	1e-05
ORI	0.08459	0.255975	0.006159	0.653008	0.000268
ORI	0.051542	0.526422	0.001985	0.416181	0.00387
ORI	0.050146	0.244722	0.010063	0.695059	1e-05
ORI	0.071104	0.174525	0.012719	0.736809	0.004843
ORI	0.067642	0.3195	0.003223	0.601976	0.007659
ORI	0.042701	0.293822	1e-05	0.657448	0.006019
ORI	0.003322	0.008606	0.011194	0.976213	0.000665
ORI	0.000351	0.012891	0.006562	0.979544	0.000653
ORI	0.037093	0.323531	0.007681	0.627043	0.004652
ORI	0.004956	0.042602	0.003063	0.944108	0.00527
ORI	0.048825	0.30992	1e-05	0.641235	1e-05
ORI	0.089425	0.292121	0.005816	0.612628	1e-05
ORI	0.06227	0.337032	1e-05	0.584212	0.016476
ORI	0.038627	0.294966	0.007381	0.659016	1e-05
ORI	0.05677	0.312099	0.008411	0.617058	0.005662
ORI	0.068367	0.357612	1e-05	0.5694	0.004611
ORI	0.064625	0.224576	0.004001	0.702882	0.003916
ORI	0.036327	0.384713	0.005093	0.571791	0.002076
ORI	0.067426	0.299574	1e-05	0.630816	0.002174
ORI	0.034107	0.193208	1e-05	0.767021	0.005655
ORI	0.009077	0.013984	0.007036	0.969216	0.000687
ORI	0.052842	0.303017	0.00843	0.635701	1e-05
ORI	0.038141	0.437937	1e-05	0.523903	1e-05
ORI	0.039058	0.471664	1e-05	0.478516	0.010752
ORI	0.048452	0.328504	0.009181	0.604732	0.009131
ORI	0.042723	0.360094	0.004389	0.57856	0.014233
ORI	0.057226	0.598704	1e-05	0.341059	0.003001
ORI	0.081432	0.305742	0.002076	0.603495	0.007255
ORI	0.034568	0.194338	1e-05	0.744544	0.02654
ORI	0.002303	0.031584	0.004767	0.955197	0.006148
ORI	0.072613	0.395536	1e-05	0.523604	0.008236
ORI	1e-05	0.000187	0.003468	0.996325	1e-05
ORI	0.058846	0.31043	0.007967	0.617997	0.004761
ORI	0.056574	0.357627	1e-05	0.580191	0.005599
ORI	0.069455	0.459019	1e-05	0.471506	1e-05
ORI	0.029505	0.182389	0.00224	0.785856	1e-05
ORI	0.080235	0.347907	0.000685	0.55948	0.011693
ORI	0.037119	0.49437	1e-05	0.453556	0.014945
ORI	0.068236	0.085527	0.047137	0.795286	0.003814
ORI	0.070399	0.402525	1e-05	0.519912	0.007154
ORI	0.043064	0.286698	0.005067	0.65987	0.005302
ORI	0.000102	0.000345	0.002519	0.996502	0.000531
ORI	0.075116	0.476839	1e-05	0.447525	0.00051
ORI	0.055822	0.363311	1e-05	0.573944	0.006913
ORI	0.051968	0.346232	0.004389	0.597401	1e-05
ORI	0.0477	0.340841	0.006918	0.602354	0.002186
ORI	0.04548	0.335849	0.010636	0.60314	0.004895
ORI	0.051782	0.343301	1e-05	0.591117	0.01379
ORI	0.003516	0.012096	0.008666	0.971935	0.003786
ORI	0.067073	0.365343	0.000596	0.563052	0.003936
ORI	0.03963	0.614056	1e-05	0.345248	0.001056
ORI	0.00055	0.001953	0.002686	0.992297	0.002513
ORI	0.072901	0.070124	0.014244	0.836989	0.005742
ORI	0.052623	0.515852	1e-05	0.431505	1e-05
ORI	0.14624	0.428165	0.001113	0.418712	0.00577
ORI	0.022413	0.062744	0.012149	0.902684	1e-05
ORI	0.037299	0.369679	1e-05	0.583206	0.009806
ORI	0.065333	0.262831	0.000635	0.644821	0.026381
ORI	0.00059	0.001671	0.002702	0.994957	7.9e-05
ORI	0.005651	0.000941	0.006918	0.985271	0.001218
ORI	0.018129	0.194383	0.001309	0.779995	0.006184
ORI	0.032397	0.544942	1e-05	0.422641	1e-05
ORI	0.053931	0.375191	0.000532	0.570336	1e-05
ORI	0.087576	0.260339	1e-05	0.647696	0.004378
ORI	0.06142	0.308853	1e-05	0.610207	0.019511
ORI	0.055357	0.434962	0.005373	0.498998	0.005311
ORI	0.04855	0.28555	0.0062	0.659691	1e-05
ORI	0.045749	0.370057	0.00043	0.576645	0.007118
ORI	0.063435	0.270249	1e-05	0.656282	0.010024
ORI	0.003432	0.009076	0.005223	0.977616	0.004653
ORI	0.042135	0.222725	1e-05	0.724018	0.011113
ORI	8.8e-05	0.000631	0.002637	0.996634	1e-05
ORI	0.074024	0.253084	1e-05	0.672045	0.000837
ORI	0.045337	0.25976	0.000422	0.694471	1e-05
ORI	0.041908	0.27463	1e-05	0.674896	0.008556
ORI	0.070426	0.173387	0.000856	0.748847	0.006484
ORI	0.081672	0.226852	0.013033	0.678434	1e-05
ORI	0.055764	0.347022	0.004611	0.590034	0.00257
ORI	0.062444	0.260615	1e-05	0.676921	1e-05
ORI	0.066372	0.350112	0.005221	0.569045	0.00925
ORI	0.003808	0.000922	0.003101	0.991002	0.001166
ORI	0.059879	0.287817	0.000804	0.64357	0.00793
ORI	0.061461	0.364422	1e-05	0.553569	0.020538
ORI	0.055156	0.385148	0.00493	0.542624	0.012141
ORI	0.066596	0.403472	1e-05	0.517183	0.012739
ORI	0.065344	0.37601	1e-05	0.547081	0.011555
ORI	0.045653	0.424438	0.004901	0.524998	1e-05
ORI	0.00416	0.118137	1e-05	0.86391	0.013783
ORI	0.058078	0.379297	1e-05	0.556211	0.006404
ORI	0.044405	0.199729	0.010953	0.744902	1e-05
ORI	0.059064	0.294018	0.000618	0.64622	7.9e-05
ORI	0.051702	0.291608	0.015177	0.636437	0.005076
ORI	0.056055	0.461145	1e-05	0.481724	0.001065
ORI	0.060348	0.307145	0.000921	0.629557	0.002029
ORI	0.052131	0.364423	1e-05	0.574436	0.008999
ORI	0.108352	0.420838	0.002267	0.460025	0.008517
ORI	0.026014	0.109888	0.007155	0.847595	0.009348
ORI	0.017055	0.126154	0.004428	0.848715	0.003648
ORI	0.048874	0.41999	0.004913	0.526213	1e-05
ORI	0.049498	0.194435	1e-05	0.754279	0.001777
ORI	0.067348	0.289041	0.001272	0.630722	0.011617
ORI	0.034819	0.260997	0.004253	0.69079	0.00914
ORI	0.053961	0.325111	1e-05	0.619186	0.001731
ORI	0.064099	0.29964	1e-05	0.625033	0.011218
ORI	0.060768	0.356713	0.003857	0.563895	0.014767
ORI	0.08005	0.230152	0.007549	0.682239	1e-05
ORI	0.066596	0.279645	0.008254	0.634244	0.011262
ORI	0.05247	0.572303	0.02546	0.343447	0.00632
ORI	0.036379	0.443481	1e-05	0.519904	0.000226
ORI	0.03764	0.201062	0.01272	0.748568	1e-05
ORI	0.056038	0.389672	0.007147	0.541116	0.006028
ORI	0.051874	0.411859	0.001806	0.520499	0.013962
ORI	0.069461	0.234076	0.009746	0.686707	1e-05
ORI	0.062012	0.371839	0.014354	0.547482	0.004313
ORI	0.000626	3.6e-05	0.003285	0.996043	1e-05
ORI	0.038907	0.349231	1e-05	0.611842	1e-05
ORI	0.005256	0.104477	0.001345	0.888905	1.7e-05
ORI	0.153415	0.364664	1e-05	0.467461	0.01445
ORI	0.027712	0.502481	1e-05	0.431088	0.038708
ORI	0.057641	0.356957	0.003415	0.578894	0.003093
ORI	0.055938	0.347262	0.002186	0.583384	0.01123
ORI	0.053525	0.325155	1e-05	0.621301	1e-05
ORI	0.05017	0.248219	0.011808	0.689793	1e-05
ORI	0.064589	0.299024	1e-05	0.632127	0.00425
ORI	0.067697	0.271849	1.3e-05	0.66043	1e-05
ORI	0.019767	0.035521	0.00745	0.934627	0.002635
ORI	0.029353	0.355028	1e-05	0.615599	1e-05
ORI	0.046556	0.616592	1e-05	0.330383	0.006459
ORI	0.049404	0.258632	0.008505	0.676948	0.006511
ORI	0.038769	0.251518	0.007916	0.701786	1e-05
ORI	0.081133	0.213899	0.015065	0.684095	0.005808
ORI	0.015086	0.211762	0.009339	0.763251	0.000562
ORI	0.061377	0.317545	0.004156	0.616912	1e-05
ORI	0.038095	0.303313	1e-05	0.650574	0.008008
ORI	0.043504	0.413922	1e-05	0.538045	0.004519
ORI	0.042989	0.522392	1e-05	0.4346	1e-05
ORI	0.0252	0.420995	0.006096	0.537917	0.009792
ORI	0.066388	0.430252	1e-05	0.502644	0.000706
ORI	0.067649	0.28863	1e-05	0.642433	0.001278
ORI	0.04242	0.191965	1e-05	0.765594	1e-05
ORI	0.049284	0.414586	0.014738	0.521383	1e-05
ORI	0.090779	0.136597	1e-05	0.772603	1e-05
ORI	0.04228	0.371206	0.007107	0.573271	0.006136
ORI	0.063735	0.297254	1e-05	0.635432	0.003569
ORI	0.053529	0.361895	0.00769	0.569521	0.007365
ORI	0.002002	0.003733	0.00875	0.985506	1e-05
ORI	0.030337	0.188334	0.011073	0.764532	0.005724
ORI	0.028681	0.599247	1e-05	0.364837	0.007225
ORI	0.054191	0.309614	0.007326	0.616863	0.012005
ORI	0.070916	0.44704	0.002605	0.4682	0.011239
ORI	0.065262	0.502088	1e-05	0.432283	0.000357
ORI	0.061997	0.388246	0.005333	0.544414	1e-05
ORI	0.054064	0.422865	1e-05	0.518594	0.004467
ORI	0.034818	0.382506	1e-05	0.571176	0.011491
ORI	0.000466	0.004878	0.004147	0.989291	0.001218
ORI	0.017851	0.113329	0.01424	0.851119	0.00346
ORI	0.040374	0.270877	0.001393	0.684636	0.00272
ORI	0.048256	0.336867	0.005896	0.595444	0.013536
ORI	0.068367	0.286941	0.001201	0.643481	1e-05
ORI	0.020899	0.317815	1e-05	0.653091	0.008185
ORI	0.1368	0.446815	1e-05	0.416365	1e-05
ORI	0.046662	0.368795	0.008578	0.567281	0.008685
ORI	0.067885	0.432457	0.003587	0.496061	1e-05
ORI	0.049901	0.276923	0.002961	0.663434	0.006781
ORI	5.4e-05	1e-05	0.002091	0.997553	0.000292
ORI	0.053547	0.580031	1e-05	0.366392	1.9e-05
ORI	0.050266	0.551804	1e-05	0.396223	0.001697
ORI	0.048823	0.304592	0.003638	0.635111	0.007837
ORI	0.051203	0.310771	0.008018	0.629998	1e-05
ORI	0.068507	0.582154	1e-05	0.349319	1e-05
ORI	0.067499	0.291138	1e-05	0.63629	0.005063
ORI	0.029662	0.283573	0.000736	0.685196	0.000833
ORI	0.054813	0.304718	1e-05	0.63096	0.009499
ORI	0.034025	0.286192	0.016608	0.663165	1e-05
ORI	0.059911	0.374011	1e-05	0.560575	0.005493
ORI	0.001296	0.005168	0.002855	0.986727	0.003954
ORI	0.033085	0.297161	0.002615	0.667129	1e-05
ORI	0.056563	0.244503	0.001185	0.691003	0.006746
ORI	0.056762	0.530946	1e-05	0.399311	0.012971
ORI	0.050559	0.103972	0.003557	0.836279	0.005633
ORI	0.071754	0.33174	0.004188	0.592308	1e-05
ORI	0.034306	0.431307	0.002252	0.523727	0.008408
ORI	0.070397	0.429108	1e-05	0.500475	1e-05
ORI	0.042062	0.296095	0.005501	0.645756	0.010587
ORI	0.030582	0.171974	0.00338	0.794054	1e-05
ORI	0.049851	0.197831	0.00905	0.736551	0.006717
ORI	0.0223	0.320055	1e-05	0.650059	0.007575
ORI	0.04488	0.314912	0.007029	0.631017	0.002162
ORI	0.084493	0.352941	0.014447	0.548108	1e-05
ORI	0.000949	0.013723	0.003934	0.97732	0.004074
ORI	0.066852	0.409588	1e-05	0.507583	0.015967
ORI	0.048579	0.395373	0.000595	0.555443	1e-05
ORI	0.054421	0.296407	0.012373	0.631226	0.005572
ORI	0.054879	0.32293	1.5e-05	0.622166	1e-05
ORI	0.051395	0.221899	0.010576	0.70855	0.007579
ORI	0.005751	0.061975	0.006022	0.926241	1e-05
ORI	0.071757	0.350231	0.000323	0.576395	0.001295
ORI	0.01595	0.041047	0.016541	0.925603	0.000858
ORI	0.053505	0.034965	0.009437	0.902083	1e-05
ORI	0.067939	0.520931	1e-05	0.408862	0.002258
ORI	0.039945	0.284408	1e-05	0.675627	1e-05
ORI	0.057448	0.291231	0.001538	0.631142	0.018641
ORI	0.038013	0.374312	1e-05	0.587655	1e-05
ORI	0.08424	0.325489	0.005451	0.584811	1e-05
ORI	0.004149	0.022161	0.005844	0.967499	0.000348
ORI	0.047333	0.256943	0.011123	0.679211	0.00539
ORI	0.015157	0.059694	0.013414	0.911726	1e-05
ORI	0.037375	0.300585	0.000867	0.661163	1e-05
ORI	0.079596	0.266981	0.009158	0.644255	1e-05
ORI	0.046301	0.226713	0.010773	0.716203	1e-05
ORI	0.044223	0.436929	0.00717	0.504254	0.007423
ORI	0.04607	0.260042	0.159413	0.534466	1e-05
ORI	0.04333	0.555602	1e-05	0.396872	0.004187
ORI	0.042827	0.328928	0.015972	0.612263	1e-05
ORI	0.067654	0.333868	0.01012	0.572601	0.015758
ORI	0.052779	0.350362	1e-05	0.574846	0.022003
ORI	0.053346	0.242337	0.000454	0.703853	1e-05
ORI	0.004787	0.027498	0.011028	0.956677	1e-05
ORI	0.818457	0.029715	1e-05	0.151808	1e-05
ORI	0.001623	0.007109	0.009216	0.982042	1e-05
ORI	0.014746	0.020654	0.009051	0.954097	0.001452
ORI	0.051309	0.323771	1e-05	0.6249	1e-05
ORI	0.049931	0.293734	1e-05	0.647774	0.008551
ORI	0.059093	0.296338	0.003449	0.641111	1e-05
ORI	0.053023	0.288345	1e-05	0.654371	0.00425
ORI	0.000954	0.00052	0.00414	0.993301	0.001085
ORI	0.067262	0.348743	0.000395	0.576945	0.006654
ORI	0.06292	0.41029	0.003829	0.522952	1e-05
ORI	0.011092	0.065474	0.014574	0.90885	1e-05
ORI	0.008909	0.236017	0.001587	0.748209	0.005279
ORI	0.066858	0.461533	1e-05	0.471589	1e-05
ORI	0.043035	0.240421	0.004869	0.706759	0.004916
ORI	0.055817	0.501535	1e-05	0.441483	0.001156
ORI	0.047021	0.302989	0.004082	0.644639	0.001269
ORI	0.051468	0.376761	1e-05	0.564681	0.00708
ORI	0.045506	0.316964	0.011331	0.619533	0.006667
ORI	0.056492	0.263294	0.003481	0.660318	0.016415
ORI	0.035412	0.319913	0.001839	0.642826	1e-05
ORI	0.064375	0.253824	0.006469	0.664362	0.01097
ORI	0.044338	0.335125	0.017135	0.603392	1e-05
ORI	0.035107	0.412158	1e-05	0.537747	0.014977
ORI	0.043468	0.269408	0.004225	0.68203	0.000869
ORI	0.063522	0.372498	0.004413	0.544808	0.014759
ORI	0.002554	0.010123	0.00813	0.979183	1e-05
ORI	0.070673	0.324533	0.000803	0.598282	0.00571
ORI	0.039695	0.245677	0.002737	0.703616	0.008274
ORI	0.106882	0.350478	1e-05	0.53198	0.01065
ORI	0.052372	0.254563	0.012709	0.674055	0.0063
ORI	0.000398	0.045955	0.003229	0.941804	0.008614
ORI	0.059169	0.354732	0.002899	0.575394	0.007806
ORI	0.057072	0.39587	0.010698	0.53635	1e-05
ORI	0.053214	0.251011	0.003579	0.692186	1e-05
ORI	0.079021	0.331549	1e-05	0.576567	0.012853
ORI	0.046877	0.424222	0.010459	0.515898	0.002543
ORI	0.051344	0.390276	0.000287	0.542765	0.015327
ORI	0.024516	0.095249	0.013612	0.866613	1e-05
ORI	0.025824	0.221892	0.00372	0.739774	0.00879
ORI	0.057844	0.301629	1e-05	0.640507	1e-05
ORI	0.056948	0.287145	1e-05	0.654732	0.001165
ORI	0.013437	0.189561	0.00206	0.794323	0.00062
ORI	0.041744	0.326517	1e-05	0.631261	0.000468
ORI	0.086488	0.307324	1e-05	0.590509	0.01567
ORI	0.064068	0.283985	1e-05	0.650917	0.00102
ORI	0.0263	0.318411	1e-05	0.637189	0.01809
ORI	0.124179	0.217245	0.007922	0.650644	1e-05
ORI	0.055227	0.320774	0.007812	0.613647	0.002541
ORI	0.032531	0.058313	0.013933	0.895213	1e-05
ORI	0.048792	0.362745	0.003869	0.569287	0.015307
ORI	0.083096	0.331755	0.00478	0.580359	1e-05
ORI	0.05485	0.319511	0.002518	0.618618	0.004503
ORI	0.047209	0.39619	1e-05	0.556581	1e-05
ORI	0.012002	0.093754	0.014663	0.878106	0.001475
ORI	0.053107	0.388132	1e-05	0.55267	0.006081
ORI	0.062984	0.50804	0.000267	0.428699	1e-05
ORI	0.062681	0.324464	1e-05	0.602021	0.010823
ORI	0.042973	0.440193	0.002353	0.512947	0.001535
ORI	0.040153	0.358155	0.000346	0.596322	0.005024
ORI	0.081302	0.308565	0.005225	0.604898	1e-05
ORI	0.053374	0.406817	0.006422	0.530923	0.002464
ORI	0.045101	0.339834	1e-05	0.608064	0.006992
ORI	0.025826	0.296444	1e-05	0.671122	0.006598
ORI	0.05487	0.335259	0.009077	0.590203	0.01059
ORI	0.037215	0.313645	1e-05	0.64912	1e-05
ORI	0.051194	0.404071	0.001135	0.543033	0.000567
ORI	0.057865	0.301665	0.001937	0.618906	0.019626
ORI	0.016668	0.020701	0.004663	0.956823	0.001145
ORI	0.034926	0.642117	1e-05	0.322937	1e-05
ORI	0.036252	0.527775	1e-05	0.435953	1e-05
ORI	0.056815	0.263044	0.005949	0.659739	0.014453
ORI	0.009666	0.12303	0.006849	0.85195	0.008504
ORI	0.066979	0.328928	1.3e-05	0.60407	1e-05
ORI	0.162027	0.421004	1e-05	0.396275	0.020684
ORI	0.060221	0.267759	0.006473	0.665465	8.3e-05
ORI	0.075543	0.335848	0.001901	0.586698	1e-05
ORI	0.055591	0.364565	1e-05	0.579824	1e-05
ORI	0.040744	0.321334	1e-05	0.624819	0.013093
ORI	0.038571	0.537783	1e-05	0.412637	0.010999
ORI	0.059645	0.278043	0.073265	0.589037	1e-05
ORI	0.078202	0.282469	0.023106	0.612769	0.003453
ORI	0.054283	0.284967	0.006687	0.654052	1e-05
ORI	0.060371	0.323771	1e-05	0.611871	0.003977
EUR	1e-05	0.99996	1e-05	1e-05	1e-05
EUR	1e-05	0.987045	1e-05	1e-05	0.012925
EUR	1e-05	0.99996	1e-05	1e-05	1e-05
EUR	1e-05	0.998516	1.3e-05	1e-05	0.001451
EUR	1e-05	0.99996	1e-05	1e-05	1e-05
EUR	1.5e-05	0.993639	1e-05	1e-05	0.006326
EUR	1e-05	0.99996	1e-05	1e-05	1e-05
EUR	1e-05	0.999282	0.000688	1e-05	1e-05
EUR	1e-05	0.990545	1e-05	1e-05	0.009425
EUR	1e-05	0.99996	1e-05	1e-05	1e-05
EUR	1e-05	0.99996	1e-05	1e-05	1e-05
EUR	1e-05	0.99996	1e-05	1e-05	1e-05
EUR	1e-05	0.998373	0.000851	1e-05	0.000756
EUR	1e-05	0.983391	1e-05	1e-05	0.016579
EUR	1e-05	0.991589	1e-05	1e-05	0.008381
EUR	1e-05	0.99996	1e-05	1e-05	1e-05
EUR	1e-05	0.997862	0.002108	1e-05	1e-05
EUR	1e-05	0.993463	1e-05	1e-05	0.006507
EUR	1e-05	0.99996	1e-05	1e-05	1e-05
EUR	1e-05	0.99996	1e-05	1e-05	1e-05
EUR	1e-05	0.994222	1e-05	1e-05	0.005748
EUR	1e-05	0.99996	1e-05	1e-05	1e-05
EUR	1e-05	0.99996	1e-05	1e-05	1e-05
EUR	1.4e-05	0.995114	1.5e-05	1e-05	0.004848
EUR	1e-05	0.998925	0.001045	1e-05	1e-05
EUR	1e-05	0.995181	1e-05	1e-05	0.004789
EUR	1e-05	0.995419	1e-05	1e-05	0.004551
EUR	1e-05	0.99996	1e-05	1e-05	1e-05
EUR	1e-05	0.996788	1e-05	1e-05	0.003182
EUR	1e-05	0.99996	1e-05	1e-05	1e-05
EUR	1e-05	0.99996	1e-05	1e-05	1e-05
EUR	1e-05	0.99996	1e-05	1e-05	1e-05
EUR	1e-05	0.99351	1e-05	1e-05	0.00646
EUR	1e-05	0.99996	1e-05	1e-05	1e-05
EUR	1e-05	0.99345	1e-05	1e-05	0.00652
EUR	1e-05	0.997856	0.002114	1e-05	1e-05
EUR	1e-05	0.99996	1e-05	1e-05	1e-05
EUR	1e-05	0.99996	1e-05	1e-05	1e-05
EUR	1e-05	0.99996	1e-05	1e-05	1e-05
EUR	1e-05	0.997028	1e-05	1e-05	0.002942
EUR	1e-05	0.999737	1e-05	1e-05	0.000233
EUR	1e-05	0.99996	1e-05	1e-05	1e-05
EUR	1e-05	0.99996	1e-05	1e-05	1e-05
EUR	1.1e-05	0.987263	1e-05	1e-05	0.012705
EUR	1e-05	0.99996	1e-05	1e-05	1e-05
EUR	1e-05	0.997846	1e-05	1e-05	0.002124
EUR	1e-05	0.99996	1e-05	1e-05	1e-05
EUR	1e-05	0.986535	1e-05	1e-05	0.013435
EUR	1e-05	0.992844	1e-05	1e-05	0.007126
EUR	1e-05	0.99996	1e-05	1e-05	1e-05
EUR	1e-05	0.994741	0.002052	1e-05	0.003187
EUR	1e-05	0.99996	1e-05	1e-05	1e-05
EUR	1e-05	0.990796	0.004063	0.000969	0.004162
EUR	1e-05	0.99996	1e-05	1e-05	1e-05
EUR	1e-05	0.99996	1e-05	1e-05	1e-05
