region	group1	group2	group3	group4	group5	group6
ORI	1e-05	0.011392	0.32527	0.023019	0.011548	0.62876
ORI	0.013777	0.033442	0.391515	0.027882	1e-05	0.533373
ORI	0.0037	0.035933	0.213428	0.040804	1e-05	0.706125
ORI	0.010282	0.033219	0.362498	0.018193	1e-05	0.575798
ORI	1e-05	0.04456	0.167478	0.019355	0.005402	0.763195
ORI	1e-05	0.035979	0.313403	0.031943	0.007226	0.611439
ORI	1e-05	1e-05	0.001986	4.6e-05	0.004473	0.993475
ORI	1e-05	0.004931	0.018529	1e-05	0.012544	0.963976
ORI	0.000104	0.002971	0.006478	0.000342	0.005781	0.984324
ORI	1e-05	0.01198	0.335848	0.030225	0.014767	0.607169
ORI	0.014822	0.029147	0.379261	0.005015	0.007621	0.564134
ORI	0.008957	0.012496	0.433559	0.037614	1e-05	0.507365
ORI	0.010163	0.023975	0.333827	0.022049	1e-05	0.609976
ORI	1e-05	0.02105	0.299855	0.029385	0.004566	0.645134
ORI	0.001451	0.003296	0.033165	1e-05	0.004597	0.957481
ORI	0.012892	0.041296	0.403302	0.032349	0.006207	0.503954
ORI	1e-05	0.050675	0.414951	0.011824	1e-05	0.52253
ORI	0.010349	0.018104	0.046001	0.025419	0.001366	0.898762
ORI	0.003364	0.035783	0.301318	0.031896	1e-05	0.627629
ORI	1e-05	0.029014	0.327818	0.018806	1e-05	0.624341
ORI	0.014457	0.030689	0.305081	0.015324	0.007994	0.626456
ORI	0.001922	0.038633	0.311684	0.032448	0.014174	0.60114
ORI	0.002534	0.02734	0.444432	0.030925	0.003099	0.49167
ORI	1e-05	0.040391	0.309948	0.014163	0.001277	0.634211
ORI	0.006802	0.025585	0.333339	0.024898	1e-05	0.609367
ORI	0.014508	0.046263	0.379761	0.016217	1e-05	0.54324
ORI	1e-05	0.02752	0.164562	0.029583	0.007097	0.771229
ORI	0.004063	0.067277	0.269055	0.030198	1e-05	0.629398
ORI	0.000478	0.034594	0.523782	0.027322	1e-05	0.413814
ORI	0.007035	0.009286	0.157533	0.00869	0.003882	0.813574
ORI	0.009948	0.04015	0.355557	0.006991	1e-05	0.587344
ORI	0.007059	0.034739	0.366836	0.020585	1e-05	0.570771
ORI	0.013868	0.036455	0.370356	0.022373	1e-05	0.556938
ORI	1.6e-05	0.014075	0.348479	0.023959	1e-05	0.613462
ORI	1e-05	1e-05	0.014499	0.002796	0.002724	0.979962
ORI	1e-05	0.030489	0.360994	0.019338	2.9e-05	0.58914
ORI	0.006105	0.014054	0.317788	0.017706	1e-05	0.644337
ORI	0.008733	0.016697	0.341927	0.01898	1e-05	0.613654
ORI	0.005195	0.029808	0.4672	0.008943	1e-05	0.488843
ORI	0.007679	0.021947	0.441117	0.001912	1e-05	0.527335
ORI	0.003154	0.013951	0.734847	0.021994	1e-05	0.226043
ORI	1e-05	0.024127	0.528425	0.002996	1e-05	0.444431
ORI	0.008221	0.023366	0.702495	0.028556	1e-05	0.237353
ORI	0.012229	0.033345	0.349681	0.035803	0.000648	0.568295
ORI	0.009677	0.047358	0.531132	0.015826	1e-05	0.395998
ORI	0.013108	0.022964	0.236993	0.018027	0.00145	0.707457
ORI	0.001265	0.007285	0.020122	0.008245	0.002883	0.9602
ORI	0.005846	0.036073	0.269644	0.020694	1e-05	0.667732
ORI	1e-05	0.037678	0.388566	0.017364	0.000511	0.555871
ORI	0.001698	0.047704	0.285737	0.027132	1e-05	0.63772
ORI	0.011062	0.014043	0.433628	0.008628	1e-05	0.532629
ORI	1e-05	0.026479	0.382339	0.02825	1e-05	0.562912
ORI	0.000124	0.030485	0.457798	0.034971	0.004912	0.471711
ORI	0.001734	0.021168	0.30826	1e-05	0.006478	0.662349
ORI	0.003935	0.041196	0.311063	0.028082	0.00099	0.614735
ORI	1e-05	0.00886	0.175648	0.00814	0.009158	0.798184
ORI	0.000319	0.029813	0.750766	0.009711	1e-05	0.20938
ORI	0.008467	0.052478	0.296912	0.031636	1e-05	0.610498
ORI	1.4e-05	0.017712	0.856835	0.014369	1e-05	0.111061
ORI	1e-05	0.042365	0.344673	0.001293	0.010799	0.60086
ORI	0.003715	0.0466	0.335696	0.040213	0.004925	0.568851
ORI	3e-04	0.029263	0.387671	0.019125	0.011894	0.551747
ORI	0.003399	0.032404	0.227665	0.021638	0.018241	0.696654
ORI	0.003431	0.033346	0.299933	0.024559	0.003531	0.6352
ORI	1e-05	0.030339	0.684688	0.002177	1e-05	0.282776
ORI	0.008359	0.017236	0.146714	0.003325	6.9e-05	0.824296
ORI	1e-05	0.017916	0.396692	0.008228	0.00879	0.568365
ORI	0.004848	0.017928	0.36589	0.007241	1e-05	0.604084
ORI	0.012183	0.017072	0.359875	0.000629	0.000274	0.609966
ORI	1.2e-05	0.026065	0.327144	0.015631	1e-05	0.631138
ORI	0.007101	0.0496	0.245531	0.032651	1e-05	0.665106
ORI	0.010797	0.037138	0.418887	0.020122	0.005727	0.50733
ORI	1e-05	0.036119	0.385782	0.025306	0.004309	0.548473
ORI	0.003549	0.020823	0.442783	0.01585	0.000272	0.516725
ORI	1.3e-05	0.037011	0.349808	0.018905	1e-05	0.594253
ORI	0.004703	0.038532	0.40718	0.033882	1e-05	0.515695
ORI	0.004135	0.020502	0.214141	0.011265	1e-05	0.749948
ORI	1e-05	0.0306	0.448496	0.022925	0.000157	0.497811
ORI	0.008045	0.030372	0.312395	0.038281	0.005479	0.605427
ORI	1e-05	0.025858	0.395311	0.023212	0.000681	0.554929
ORI	1e-05	0.00821	0.162154	0.011131	0.005313	0.813183
ORI	0.009261	0.02696	0.473888	0.023215	1e-05	0.466666
ORI	0.006962	0.051707	0.277585	0.031691	0.00874	0.623315
ORI	0.001939	0.014164	0.271925	0.017524	0.012268	0.68218
ORI	1e-05	0.017562	0.296067	0.031307	1e-05	0.655043
ORI	1e-05	0.022688	0.390204	0.022229	0.002519	0.562351
ORI	1.2e-05	0.026598	0.564909	0.01705	1e-05	0.391422
ORI	0.002435	0.021665	0.399503	0.031518	0.001212	0.543668
ORI	1e-05	0.043586	0.283499	0.042876	0.006985	0.623044
ORI	0.011489	0.031673	0.448454	0.024571	1e-05	0.483804
ORI	0.004865	0.016998	0.501308	0.015476	1e-05	0.461343
ORI	0.004178	0.020278	0.317374	0.044952	0.00712	0.606098
ORI	1e-05	0.023063	0.435335	0.014664	0.0041	0.522827
ORI	0.005527	0.012268	0.328132	0.007586	0.009006	0.637482
ORI	0.003582	0.029485	0.308853	0.016181	1e-05	0.641889
ORI	1e-05	0.025038	0.286917	0.028436	0.000162	0.659438
ORI	0.01219	0.020947	0.525697	0.014985	1e-05	0.426171
ORI	0.00219	0.019739	0.286623	0.016918	0.012159	0.662371
ORI	0.01044	0.068994	0.402687	0.07504	0.000539	0.4423
ORI	0.01334	0.027467	0.260061	0.0155	0.002738	0.680894
ORI	1e-05	0.047887	0.250886	0.039433	0.005397	0.656388
ORI	0.002628	0.016463	0.360941	0.026039	0.004838	0.58909
ORI	1e-05	0.042433	0.307103	0.033835	1e-05	0.616609
ORI	1.2e-05	0.038989	0.320468	0.024038	1e-05	0.616483
ORI	1e-05	0.02057	0.730656	0.015766	1e-05	0.232989
ORI	1e-05	0.023156	0.616626	0.022739	0.000183	0.337286
ORI	1e-05	0.044843	0.587385	0.017161	0.001244	0.349356
ORI	0.007342	0.024181	0.26803	0.024285	1e-05	0.676152
ORI	0.008605	0.033103	0.34806	0.017881	0.002336	0.590013
ORI	0.005456	0.045301	0.250721	0.01221	0.002781	0.683531
ORI	0.003526	0.029297	0.24412	0.022669	0.001851	0.698536
ORI	0.008262	0.018949	0.307044	0.011022	1e-05	0.654713
ORI	1e-05	0.021638	0.456402	0.016174	1e-05	0.505765
ORI	0.00044	0.025553	0.41975	0.01976	1e-05	0.534487
ORI	1e-05	0.034856	0.340166	0.036735	1e-05	0.588223
ORI	0.000402	0.041232	0.43227	0.02248	0.002334	0.501282
ORI	0.002612	0.02964	0.290026	0.035176	1e-05	0.642535
ORI	0.010125	0.032846	0.290847	0.028559	1e-05	0.637613
ORI	1e-05	0.025625	0.326605	0.025819	1e-05	0.621931
ORI	1e-05	0.021453	0.202586	0.015319	0.003469	0.757162
ORI	0.008006	0.023655	0.35584	0.025927	1e-05	0.586561
ORI	0.014175	0.050459	0.517811	0.0191	1e-05	0.398445
ORI	0.002822	0.025544	0.426359	0.033323	0.002217	0.509736
ORI	1e-05	0.00075	0.113198	0.001682	0.005528	0.878833
ORI	1.2e-05	0.036659	0.33145	0.029254	1e-05	0.602616
ORI	0.006335	0.033059	0.401468	0.008365	1e-05	0.550762
ORI	0.013105	0.035923	0.305144	0.015991	0.002997	0.62684
ORI	0.005793	0.022164	0.398312	0.003639	0.010964	0.559127
ORI	0.010272	0.01747	0.240827	0.020784	0.004904	0.705742
ORI	0.004568	0.031525	0.459471	0.020664	1e-05	0.483762
ORI	1.3e-05	0.029597	0.775374	0.015585	1e-05	0.179421
ORI	1e-05	0.038745	0.285381	0.035457	1e-05	0.640397
ORI	0.005531	0.032514	0.274292	0.018323	0.011297	0.658042
ORI	0.005112	0.051176	0.36013	0.056126	0.008762	0.518693
ORI	0.009098	0.020889	0.392062	0.009912	1e-05	0.568028
ORI	1e-05	0.000911	0.003098	0.00099	0.002826	0.992165
ORI	1e-05	0.029201	0.455746	0.014242	1e-05	0.500791
ORI	0.005888	0.039943	0.259023	0.009997	0.002127	0.683022
ORI	1e-05	0.049494	0.380779	0.025192	0.008515	0.53601
ORI	0.003258	0.019154	0.424719	0.010653	0.004781	0.537434
ORI	0.003075	0.024139	0.73453	0.021029	1e-05	0.217218
ORI	0.015409	0.032505	0.228509	0.031762	1e-05	0.691805
ORI	0.010536	0.035977	0.597605	0.037426	1e-05	0.318447
ORI	0.007675	0.029155	0.282608	0.034454	1e-05	0.646098
ORI	1e-05	0.003902	0.073394	0.010063	0.007787	0.904844
ORI	0.007823	0.01812	0.115629	0.01017	0.013549	0.834709
ORI	0.017817	0.022502	0.312804	0.018694	0.003475	0.624708
ORI	0.001309	0.027417	0.048965	0.009791	0.009739	0.902778
ORI	0.001718	0.023323	0.314532	0.019149	0.009733	0.631545
ORI	0.001328	0.049534	0.287812	0.015613	1e-05	0.645703
ORI	0.010545	0.031219	0.348742	0.029915	0.009767	0.569812
ORI	0.012188	0.028994	0.247205	0.016769	0.00044	0.694404
ORI	0.015445	0.025424	0.387949	0.018537	1e-05	0.552635
ORI	0.007683	0.02711	0.335335	0.031053	1e-05	0.598809
ORI	0.008894	0.018243	0.213421	0.035085	0.000605	0.723752
ORI	0.008571	0.035018	0.257668	0.025	1e-05	0.673733
ORI	0.006408	0.027005	0.292786	0.020532	1e-05	0.653259
ORI	1.1e-05	0.023432	0.756961	0.024455	1e-05	0.195131
ORI	1e-05	0.022425	0.225957	0.022879	0.009016	0.719712
ORI	0.007113	0.025994	0.38479	0.030808	1e-05	0.551285
ORI	1e-05	0.035136	0.284374	0.053458	0.006537	0.620485
ORI	0.008416	0.028817	0.390008	0.019271	0.003204	0.550284
ORI	1e-05	1e-05	0.000201	1e-05	0.003265	0.996505
ORI	1e-05	0.011263	0.624286	0.016833	1e-05	0.347598
ORI	0.007007	0.037615	0.252074	0.032807	0.001721	0.668777
ORI	0.000115	0.04218	0.480319	0.053727	0.001876	0.421782
ORI	0.012709	0.019017	0.567113	0.020059	1e-05	0.381093
ORI	1e-05	0.033812	0.359221	0.016821	0.007183	0.582953
ORI	1.3e-05	0.000511	0.002206	1e-05	0.005115	0.992144
ORI	1e-05	0.043757	0.352302	0.017111	1e-05	0.586809
ORI	1e-05	0.02861	0.237996	0.01484	0.011455	0.707089
ORI	1e-05	0.039764	0.233127	0.015273	1e-05	0.711816
ORI	0.004356	0.026688	0.347186	0.026984	1e-05	0.594776
ORI	0.020297	0.022217	0.606417	0.023906	1e-05	0.327153
ORI	1e-05	0.025364	0.255523	0.029951	1e-05	0.689142
ORI	0.004867	0.036301	0.330624	0.016079	1e-05	0.61212
ORI	1.2e-05	0.033776	0.344985	0.011331	1e-05	0.609885
ORI	0.005249	0.025844	0.327607	0.016551	0.005866	0.618883
ORI	0.002075	0.027263	0.373071	0.02404	0.002533	0.571018
ORI	0.002097	0.033722	0.296119	0.022266	0.002009	0.643787
ORI	0.012882	0.040163	0.421917	0.015758	1e-05	0.50927
ORI	0.002847	0.072189	0.194564	0.059532	0.001453	0.669414
ORI	1e-05	0.023833	0.226207	0.020722	0.011877	0.717351
ORI	0.012336	0.027311	0.438497	0.020848	0.002591	0.498417
ORI	1.3e-05	0.033966	0.254922	0.020044	1e-05	0.691045
ORI	0.003396	0.027768	0.3067	0.015084	0.011923	0.635129
ORI	1e-05	0.045344	0.355976	0.013086	1e-05	0.585574
ORI	0.006223	0.024129	0.315638	0.021044	1e-05	0.632955
ORI	1e-05	0.028796	0.341658	0.014134	0.006352	0.60905
ORI	1e-05	0.02597	0.392235	0.016937	0.004541	0.560308
ORI	1e-05	0.030071	0.348837	0.019411	1e-05	0.601661
ORI	0.00325	0.019216	0.505469	0.009745	1e-05	0.46231
ORI	0.002293	0.039051	0.284876	0.021963	1e-05	0.651807
ORI	0.019379	0.031106	0.335148	0.008648	1e-05	0.605709
ORI	1e-05	0.037205	0.41978	0.019255	1e-05	0.52374
ORI	0.007416	0.032097	0.289501	0.011794	1e-05	0.659182
ORI	0.007873	0.021396	0.582878	1e-05	1e-05	0.387832
ORI	0.014766	0.052587	0.22677	0.01937	0.006728	0.679778
ORI	0.001052	0.042026	0.266354	0.039755	0.005194	0.64562
ORI	0.002317	0.016091	0.498304	0.020827	1e-05	0.462452
ORI	1e-05	0.033981	0.357571	0.020163	0.005319	0.582956
ORI	0.012349	0.019975	0.321699	0.009558	0.012192	0.624226
ORI	0.005257	0.046594	0.344298	0.006115	0.004669	0.593066
ORI	0.016732	0.044321	0.276155	0.02978	0.006478	0.626535
ORI	0.000584	0.037493	0.555081	0.018033	1e-05	0.388799
ORI	0.009037	0.023041	0.615438	0.021696	1e-05	0.330777
ORI	0.008488	0.025172	0.368784	0.023963	1e-05	0.573584
ORI	1e-05	0.040757	0.287893	0.015218	0.006638	0.649485
ORI	1e-05	0.038755	0.360636	0.049057	0.00956	0.541982
ORI	1.4e-05	0.017319	0.852618	0.008545	1e-05	0.121494
ORI	0.009802	0.012578	0.387759	0.02983	1e-05	0.560021
ORI	0.00193	0.030677	0.724176	0.02097	1e-05	0.222237
ORI	0.00481	0.039341	0.377564	0.031695	0.001159	0.545431
ORI	0.018361	0.032578	0.200504	1e-05	0.013495	0.735052
ORI	0.008315	0.026304	0.325028	0.019579	0.00097	0.619803
ORI	1e-05	0.03405	0.346121	0.023444	1e-05	0.596365
ORI	0.010073	0.033513	0.346763	0.026415	7e-05	0.583166
ORI	1e-05	0.02153	0.749522	0.014026	1e-05	0.214902
ORI	0.027908	0.037113	0.332405	0.021166	0.005382	0.576026
ORI	1.2e-05	0.032564	0.317264	0.016696	1e-05	0.633454
ORI	0.006458	0.025926	0.596664	0.016402	1e-05	0.35454
ORI	1e-05	0.024605	0.397371	0.019383	0.011404	0.547226
ORI	0.002082	0.044196	0.352639	0.034792	1e-05	0.56628
ORI	0.012528	0.028975	0.261368	0.016742	0.010802	0.669586
ORI	0.00912	0.040324	0.269261	0.017298	0.000939	0.663058
ORI	1e-05	0.044362	0.293543	0.035488	0.003443	0.623155
ORI	0.013209	0.034656	0.394527	0.011496	1e-05	0.546102
ORI	0.001585	0.037725	0.388365	0.018576	0.001755	0.551994
ORI	0.011509	0.053498	0.382187	0.012946	0.011562	0.528298
ORI	0.008423	0.030327	0.423894	0.024736	0.003457	0.509163
ORI	0.009592	0.029279	0.274516	0.042848	0.003761	0.640004
ORI	0.005599	0.008602	0.191741	0.002833	0.002505	0.788721
ORI	0.006418	0.023688	0.400799	0.023247	0.001259	0.544589
ORI	0.008659	0.026402	0.5091	0.020651	1e-05	0.435178
ORI	0.015075	0.007286	0.174417	0.002806	1e-05	0.800406
ORI	1e-05	0.024981	0.389272	0.017752	0.006329	0.561656
ORI	0.013729	0.006871	0.224618	0.009369	1e-05	0.745403
ORI	0.001573	0.037978	0.305206	0.033259	1e-05	0.621974
ORI	1e-05	0.035472	0.247367	0.011266	0.002345	0.70354
ORI	0.006864	0.025172	0.488235	0.011254	0.001884	0.466591
ORI	0.008947	0.029178	0.242001	0.01828	1e-05	0.701584
ORI	0.0035	0.011816	0.457656	0.014188	0.015512	0.497328
ORI	0.00418	0.005447	0.215024	0.000266	0.000706	0.774377
ORI	0.015866	0.032176	0.31596	0.041214	0.012426	0.582358
ORI	0.014605	0.022129	0.326858	0.006437	0.000628	0.629344
ORI	0.001432	0.045253	0.365734	0.04006	0.003477	0.544044
ORI	1e-05	0.016291	0.089041	0.015176	0.011586	0.867897
ORI	0.013931	0.041661	0.222405	0.015755	0.00496	0.701289
ORI	0.007944	0.017171	0.370848	0.019013	0.001508	0.583515
ORI	1e-05	0.022863	0.320872	0.002416	0.013942	0.639896
ORI	1e-05	0.019469	0.242377	0.016048	0.016869	0.705228
ORI	0.015781	0.029403	0.248835	0.023	0.005796	0.677184
ORI	0.002219	0.0114	0.079298	0.012551	0.019279	0.875254
ORI	0.00833	0.028401	0.216696	0.033713	0.001965	0.710894
ORI	0.005329	0.016672	0.431037	0.010147	0.001735	0.53508
ORI	1e-05	0.008549	0.25039	1e-05	0.015926	0.725115
ORI	0.009106	0.035827	0.357006	0.019913	0.004108	0.574039
ORI	0.00682	0.046769	0.521911	0.033334	1e-05	0.391155
ORI	0.014892	0.028947	0.433199	0.017207	1e-05	0.505744
ORI	0.001141	0.022302	0.672121	0.008654	1e-05	0.295772
ORI	0.003628	0.035336	0.305612	0.007566	1e-05	0.647848
ORI	0.005664	0.036483	0.580518	0.010993	1e-05	0.366332
ORI	1e-05	0.019529	0.361319	0.024861	1e-05	0.594272
ORI	0.010221	0.025764	0.527412	0.002154	1e-05	0.43444
ORI	0.002998	0.02241	0.160485	0.010816	0.016643	0.786648
ORI	0.00449	0.036141	0.28729	0.013999	1.3e-05	0.658067
ORI	1e-05	0.026508	0.392558	0.03321	0.021792	0.525921
ORI	1e-05	0.018697	0.258741	0.037491	1e-05	0.68505
ORI	0.009923	0.024099	0.320973	0.013208	1e-05	0.631787
ORI	0.003894	0.000357	0.062508	1e-05	0.005268	0.927963
ORI	0.002968	0.018045	0.285161	0.003239	1e-05	0.690576
ORI	0.006164	0.007283	0.315117	0.008513	1e-05	0.662912
ORI	0.004345	0.037432	0.355535	0.005962	1e-05	0.596716
ORI	0.001336	0.036281	0.566917	0.027168	1e-05	0.368289
ORI	1e-05	0.013357	0.348951	0.004515	1e-05	0.633157
ORI	0.011262	0.031677	0.320839	0.012691	0.011721	0.61181
ORI	0.00795	0.041087	0.384675	0.020463	1e-05	0.545815
ORI	1e-05	0.025094	0.184704	0.030049	0.00899	0.751153
ORI	1e-05	0.04011	0.341704	0.025331	1e-05	0.592834
ORI	1e-05	0.034977	0.280681	0.030347	1e-05	0.653975
ORI	0.00121	0.028549	0.229255	0.027165	0.005766	0.708055
ORI	1e-05	0.065147	0.368545	0.076594	0.00068	0.489025
ORI	0.002979	0.028684	0.59054	0.010158	1e-05	0.367629
ORI	0.000768	0.028627	0.275522	0.025079	0.004583	0.665421
ORI	0.008554	0.04403	0.275085	0.041295	1e-05	0.631025
ORI	0.01922	0.041578	0.442332	0.017914	1e-05	0.478946
ORI	0.002718	0.037749	0.365968	0.022574	0.0011	0.569891
ORI	0.005377	0.025461	0.267365	0.016483	1e-05	0.685303
ORI	1e-05	0.039597	0.448985	0.026655	1e-05	0.484743
ORI	0.005153	0.012333	0.288403	0.009938	1e-05	0.684163
ORI	0.003459	0.024956	0.465305	0.022344	0.008842	0.475094
ORI	1e-05	0.03711	0.297422	0.011338	0.010302	0.643817
ORI	0.003871	0.008854	0.069539	0.00877	0.007808	0.901158
ORI	1e-05	0.035878	0.206044	0.031058	1e-05	0.727
ORI	1e-05	0.028857	0.830061	0.008378	1e-05	0.132683
ORI	1.1e-05	0.056595	0.328011	0.04695	1e-05	0.568423
ORI	0.010115	0.033207	0.303738	0.00905	0.006696	0.637194
ORI	0.008505	0.035798	0.435214	0.020973	0.001187	0.498324
ORI	0.002323	0.023178	0.19728	0.019859	0.0087	0.74866
ORI	0.005776	0.033255	0.384461	0.027292	0.008223	0.540994
ORI	0.00161	0.022828	0.331211	0.02661	1e-05	0.617731
ORI	0.001607	0.031109	0.076845	0.032902	0.008498	0.849039
ORI	0.011048	0.052688	0.409967	0.027602	1e-05	0.498686
ORI	0.009649	0.032221	0.316787	0.016166	0.012968	0.612209
ORI	1.1e-05	0.032988	0.403313	0.024391	1e-05	0.539287
ORI	0.022054	0.035258	0.322718	0.043698	7.2e-05	0.5762
ORI	0.006776	0.054829	0.331755	0.027261	1e-05	0.579368
ORI	0.00635	0.033502	0.275552	0.011958	0.006104	0.666533
ORI	0.003788	0.038717	0.295248	0.020092	0.01183	0.630324
ORI	1e-05	0.029355	0.329684	0.020333	0.004152	0.616466
ORI	0.0087	0.053018	0.385082	0.027895	1e-05	0.525296
ORI	1e-05	0.034368	0.3981	0.026001	1e-05	0.541511
ORI	0.003563	0.043288	0.259347	0.024605	0.00234	0.666857
ORI	0.011772	0.041948	0.31316	0.015417	1e-05	0.617693
ORI	0.000515	0.029156	0.274018	0.015428	0.000662	0.680221
ORI	1e-05	0.018701	0.20334	0.038348	0.01572	0.723881
ORI	0.01165	0.033014	0.217442	0.013878	0.005232	0.718783
ORI	1e-05	0.037719	0.29364	0.018324	0.005913	0.644393
ORI	0.011638	0.03348	0.428982	0.041174	1e-05	0.484716
ORI	1e-05	0.041606	0.293631	0.02916	0.000436	0.635157
ORI	1e-05	0.016739	0.538446	0.020868	0.000815	0.423121
ORI	1e-05	0.034605	0.375748	0.028319	1e-05	0.561307
ORI	0.007677	0.026937	0.322387	0.018311	1e-05	0.624678
ORI	0.00986	0.022389	0.289212	0.034791	1e-05	0.643737
ORI	1e-05	0.032895	0.382853	0.035183	0.002017	0.547042
ORI	1e-05	0.030282	0.295078	0.002423	0.004761	0.667446
ORI	0.004476	0.048013	0.311149	0.02979	0.012153	0.594419
ORI	0.003225	0.030489	0.422104	0.006001	1e-05	0.538171
ORI	0.001524	1e-05	0.000327	0.000592	0.005539	0.992008
ORI	0.001205	0.02389	0.364724	0.009464	0.007346	0.593371
ORI	0.000678	0.037957	0.330392	0.028109	0.006038	0.596826
ORI	0.004317	0.017444	0.205001	0.041303	0.011177	0.720758
ORI	1e-05	0.039232	0.296049	0.00994	0.006673	0.648097
ORI	0.004805	0.040599	0.294919	0.027495	0.004402	0.627781
ORI	0.00382	0.038463	0.333252	0.026554	1e-05	0.597901
ORI	0.004	0.042578	0.598466	0.00076	1e-05	0.354186
ORI	1e-05	0.031672	0.389375	0.025605	1e-05	0.553327
ORI	0.010079	0.019946	0.393093	0.015357	1e-05	0.561516
ORI	1e-05	0.037035	0.339626	0.022058	1e-05	0.601262
ORI	0.01139	0.025376	0.593797	0.024867	1e-05	0.344559
ORI	1e-05	0.055536	0.39799	0.030212	0.001106	0.515147
ORI	1e-05	0.038961	0.312188	0.037768	0.005502	0.605572
ORI	1e-05	0.029928	0.24048	0.019112	0.003783	0.706687
ORI	1e-05	0.046784	0.333508	0.054015	0.010419	0.555264
ORI	0.000937	0.043508	0.51934	0.018329	1e-05	0.417877
ORI	1.3e-05	0.044706	0.358015	0.028506	1e-05	0.56875
ORI	0.005736	0.031554	0.368047	0.021814	1e-05	0.572839
ORI	0.016189	0.019268	0.705741	0.017434	1e-05	0.241358
ORI	0.00802	0.047427	0.361562	0.028639	1e-05	0.554343
ORI	0.002236	0.018932	0.255547	0.030285	0.01153	0.681471
ORI	1e-05	0.016765	0.261837	0.016647	1e-05	0.704731
ORI	0.007226	0.039371	0.33046	0.008112	0.012054	0.602778
ORI	0.007853	0.037471	0.266862	0.009227	0.005927	0.672661
ORI	0.010135	0.031419	0.32295	0.04592	0.002711	0.586865
ORI	0.007693	0.045881	0.344989	0.018551	0.006889	0.575997
ORI	0.011789	0.042392	0.383848	0.01364	1e-05	0.548321
ORI	0.007629	0.018615	0.629858	0.015596	1e-05	0.328292
ORI	1e-05	0.038033	0.307192	0.048474	0.010774	0.595517
ORI	0.005647	0.022129	0.346527	0.032286	1e-05	0.593402
ORI	0.012584	0.044462	0.356342	0.025621	5e-05	0.560941
ORI	1e-05	0.055105	0.382957	0.064648	0.007711	0.489568
ORI	0.004921	0.039898	0.260826	0.021941	0.005274	0.667139
ORI	0.005182	0.026281	0.399668	0.017659	0.002613	0.548598
ORI	1e-05	0.036167	0.359598	0.03397	0.006487	0.563769
ORI	0.012818	0.044977	0.238923	0.026651	0.002644	0.673987
ORI	1e-05	0.041922	0.295363	0.03435	0.004587	0.623768
ORI	1.1e-05	0.046943	0.36857	0.011352	1e-05	0.573114
ORI	0.008474	0.019204	0.240408	0.01208	0.004597	0.715238
ORI	0.00543	0.031614	0.455176	0.024481	1e-05	0.483288
ORI	1e-05	0.024896	0.415914	0.028961	0.004648	0.525572
ORI	0.011069	0.053103	0.319568	0.026706	1e-05	0.589543
ORI	1.3e-05	0.02161	0.361713	0.012755	1e-05	0.6039
ORI	0.007771	0.030752	0.315467	0.014754	1e-05	0.631246
ORI	0.017476	0.019161	0.286766	0.02024	1e-05	0.656346
ORI	0.003817	0.022725	0.347004	0.022671	0.006177	0.597605
ORI	0.020628	0.02883	0.41983	0.017209	1e-05	0.513493
ORI	0.013146	0.074578	0.314053	0.10641	0.02497	0.466843
ORI	0.006927	0.044508	0.251971	0.04673	1e-05	0.649854
ORI	0.004567	0.031096	0.450245	0.030618	1e-05	0.483462
ORI	1e-05	0.012914	0.307737	0.017314	0.008839	0.653186
ORI	0.016703	0.024	0.317746	0.015766	1e-05	0.625776
ORI	0.001544	0.026247	0.302929	0.02291	0.007959	0.638411
ORI	0.009687	0.027161	0.400342	0.026537	0.004507	0.531766
ORI	0.011068	0.022709	0.365156	0.033427	1e-05	0.567629
ORI	1.3e-05	0.014568	0.293574	0.023254	1e-05	0.668581
ORI	1e-05	0.031444	0.334767	0.026585	0.004481	0.602714
ORI	0.0031	0.045477	0.366552	0.019692	1e-05	0.565169
ORI	0.007541	0.029304	0.362247	0.016861	0.003577	0.58047
ORI	1e-05	0.013847	0.349636	0.027474	0.001679	0.607353
ORI	1e-05	0.001874	0.066248	0.000861	0.006132	0.924876
ORI	0.008563	0.025761	0.369082	0.016832	1e-05	0.579753
ORI	0.016517	0.021688	0.269395	0.028835	1e-05	0.663554
ORI	1e-05	0.04186	0.275001	0.028731	0.001436	0.652963
ORI	0.010641	0.028138	0.307467	0.024554	1e-05	0.629189
ORI	0.001457	0.034292	0.370935	0.013	0.006008	0.574309
ORI	1e-05	0.02003	0.171035	0.008065	0.004237	0.796623
ORI	0.01231	0.018381	0.375819	0.015673	1e-05	0.577807
ORI	0.010021	0.038116	0.356189	0.026008	0.00192	0.567745
ORI	1e-05	1e-05	0.001268	1.6e-05	0.004222	0.994474
ORI	0.005773	0.030492	0.693186	0.013145	1e-05	0.257394
ORI	0.01289	0.032372	0.288808	0.006824	0.000738	0.658367
ORI	0.014608	0.027028	0.435482	0.022521	1e-05	0.500351
ORI	1e-05	0.014245	0.171762	0.008238	0.012583	0.793162
ORI	0.011994	0.035823	0.249707	0.027399	1e-05	0.675066
ORI	1e-05	0.03558	0.274168	0.009174	0.002069	0.678999
ORI	1e-05	0.034783	0.415082	0.021961	1e-05	0.528154
ORI	0.003842	0.025269	0.552955	0.027155	1e-05	0.390769
ORI	0.007357	0.041158	0.348374	0.028156	0.009934	0.565023
ORI	0.010955	0.041478	0.35316	0.018463	1e-05	0.575933
ORI	0.01877	0.013368	0.223112	0.024426	0.002486	0.717838
ORI	0.003219	0.025628	0.26065	0.007435	0.008876	0.694193
ORI	1e-05	0.022886	0.317092	0.039785	0.012146	0.60808
ORI	0.003015	0.038457	0.415366	0.018186	0.007716	0.517259
ORI	0.007989	0.02601	0.369756	0.028155	0.004223	0.563867
ORI	0.014493	0.026672	0.262355	0.02298	1e-05	0.67349
ORI	1e-05	0.02744	0.635727	0.010803	1e-05	0.32601
ORI	0.019292	0.036368	0.504838	0.013561	1e-05	0.425931
ORI	1e-05	8.9e-05	0.026568	0.002597	0.009272	0.961464
ORI	1e-05	0.040271	0.585209	0.000619	0.001649	0.372241
ORI	0.009812	0.056199	0.399572	0.030919	1e-05	0.503487
ORI	1e-05	0.018566	0.219347	0.021758	1e-05	0.74031
ORI	0.009183	0.021647	0.393728	0.02186	0.005998	0.547583
ORI	0.007065	0.018411	0.692923	0.01315	1e-05	0.26844
ORI	0.002688	0.043821	0.39697	0.02083	1e-05	0.535681
ORI	1e-05	0.016555	0.423298	0.015243	0.005995	0.538899
ORI	0.012477	0.026073	0.639695	0.01831	0.000428	0.303016
ORI	1e-05	0.000212	0.002758	0.000131	0.004773	0.992117
ORI	0.02283	0.026965	0.437666	1e-05	0.002382	0.510147
ORI	1e-05	0.032681	0.322969	0.016821	0.008521	0.618998
ORI	1e-05	0.024941	0.26114	0.036237	0.014051	0.663621
ORI	0.011851	0.01977	0.442315	0.00514	1e-05	0.520914
ORI	0.002937	0.031592	0.320662	0.023377	0.001087	0.620344
ORI	0.001635	0.043103	0.365321	0.021009	1e-05	0.568921
ORI	1e-05	0.050372	0.46021	0.060969	1e-05	0.428429
ORI	0.013843	0.026987	0.319255	0.011366	1e-05	0.628538
ORI	1.2e-05	0.025194	0.740709	0.007448	1e-05	0.226627
ORI	0.006217	0.046972	0.34504	0.020662	1e-05	0.581099
ORI	1e-05	0.035594	0.456134	0.011469	0.001983	0.49481
ORI	1e-05	0.03946	0.433835	0.018954	1e-05	0.507732
ORI	0.005331	0.016448	0.44823	0.027376	1e-05	0.502606
ORI	0.008797	0.027658	0.459315	0.039187	1e-05	0.465033
ORI	0.005637	0.058036	0.42559	0.0267	1e-05	0.484027
ORI	1e-05	0.039514	0.200791	0.026499	1e-05	0.733176
ORI	0.012508	0.019787	0.416276	0.036036	1e-05	0.515383
ORI	1e-05	0.0443	0.468729	0.041246	1e-05	0.445705
ORI	1e-05	0.028179	0.320397	0.013841	0.015409	0.622164
ORI	1e-05	0.043372	0.419163	0.003048	0.003524	0.530882
ORI	1e-05	0.036717	0.417961	0.015049	1e-05	0.530252
ORI	0.013717	0.035751	0.375909	0.022158	1e-05	0.552456
ORI	0.006549	0.020891	0.310337	0.015007	0.001074	0.646142
ORI	0.011794	0.024851	0.316841	0.017674	0.020786	0.608055
ORI	0.011136	0.040369	0.450651	0.018063	1e-05	0.47977
ORI	0.009284	0.030893	0.326827	0.01538	1e-05	0.617605
ORI	0.00558	0.030464	0.453852	0.029808	1e-05	0.480285
ORI	1e-05	0.001324	0.04425	1e-05	0.0042	0.950207
ORI	1e-05	0.036262	0.262439	0.028994	0.00763	0.664664
ORI	1e-05	0.06199	0.232575	0.044599	0.012876	0.647951
ORI	1e-05	0.025689	0.330151	0.043857	0.001685	0.598608
ORI	0.000595	0.014843	0.532366	0.009192	0.008095	0.434908
ORI	1e-05	0.029968	0.375425	0.024127	0.011443	0.559027
ORI	0.006593	0.037268	0.328514	0.012297	0.007336	0.607992
ORI	0.006372	0.024547	0.364545	0.023741	0.009507	0.571288
ORI	1.1e-05	0.045874	0.3617	0.023852	1e-05	0.568553
ORI	0.001175	0.003679	0.00738	0.003148	0.002487	0.982132
ORI	0.0087	0.054637	0.338136	0.016386	1e-05	0.582131
ORI	1e-05	0.018864	0.530407	0.024053	1e-05	0.426656
ORI	0.001646	0.019569	0.162009	0.020554	0.00762	0.788602
ORI	1e-05	0.03383	0.361155	0.013833	1e-05	0.591162
ORI	0.000409	0.020228	0.217134	0.020124	0.004178	0.737928
ORI	0.010886	0.025404	0.320034	0.021799	1e-05	0.621866
ORI	0.004331	0.028464	0.335345	0.019655	0.002852	0.609353
ORI	0.004385	0.038469	0.413756	0.045807	0.009844	0.487739
ORI	0.002521	0.026849	0.349617	0.029415	1e-05	0.591588
ORI	1e-05	0.034846	0.410778	0.031458	0.001261	0.521647
ORI	1e-05	0.021329	0.429304	0.005366	1e-05	0.543982
ORI	0.0105	0.014106	0.303109	0.031823	0.001042	0.63942
ORI	1.3e-05	0.032359	0.359503	0.03296	1e-05	0.575155
ORI	0.003927	0.003244	0.066766	0.00591	0.004537	0.915616
ORI	0.003004	0.027816	0.334203	0.028352	0.003498	0.603126
ORI	1e-05	0.031276	0.261983	0.024817	0.009452	0.672462
ORI	0.005256	0.041358	0.272841	0.03182	0.006648	0.642077
ORI	0.009128	0.043913	0.198535	0.023357	0.00355	0.721515
ORI	0.000824	0.039427	0.231866	0.03174	1e-05	0.696134
ORI	0.01126	0.028571	0.349872	0.017637	1e-05	0.59265
ORI	1e-05	0.025137	0.324058	0.024365	1e-05	0.62642
ORI	0.011038	0.038624	0.209678	0.032495	0.00212	0.706045
ORI	1e-05	0.037657	0.362442	0.026297	1e-05	0.573585
ORI	0.010929	0.018071	0.291057	0.021766	1e-05	0.658166
ORI	1e-05	0.019089	0.279151	0.023618	0.008473	0.669658
ORI	0.002727	0.019691	0.291494	0.01867	0.006737	0.66068
ORI	0.027398	0.020283	0.422408	0.032729	1e-05	0.497172
ORI	0.006885	0.039792	0.332762	0.021857	1e-05	0.598694
ORI	0.023916	0.026395	0.33406	0.026138	0.00433	0.585162
ORI	1e-05	0.02561	0.326897	0.025726	0.003565	0.618191
ORI	0.000722	0.013444	0.166766	0.003265	1e-05	0.815794
ORI	0.005766	0.022272	0.360763	0.017363	0.017001	0.576835
ORI	0.006852	0.039385	0.253059	0.021613	0.006882	0.672208
ORI	0.002132	0.019314	0.699097	0.011083	1e-05	0.268364
ORI	1e-05	0.055648	0.360463	0.024606	1e-05	0.559264
ORI	0.008947	0.02563	0.312927	0.019706	1e-05	0.63278
ORI	1e-05	0.012147	0.009189	0.002601	0.007712	0.968341
ORI	1.2e-05	0.044392	0.380252	0.027549	1e-05	0.547786
ORI	0.009874	0.036976	0.394455	0.018301	1e-05	0.540384
ORI	0.004085	0.021637	0.551875	0.016784	1e-05	0.405608
ORI	0.007763	0.02241	0.270952	0.013615	0.00587	0.679391
ORI	1.4e-05	0.032558	0.317139	0.024205	1e-05	0.626075
ORI	0.008432	0.040398	0.36409	0.032659	0.006828	0.547592
ORI	1.1e-05	0.023895	0.344315	0.034348	1e-05	0.59742
ORI	0.003527	0.037396	0.209421	0.033696	1e-05	0.71595
ORI	1e-05	1e-05	0.009017	1e-05	0.003499	0.987454
ORI	0.006547	0.045722	0.221053	0.04364	1e-05	0.683029
ORI	0.002417	0.025348	0.368797	0.006605	1e-05	0.596824
ORI	0.013211	0.022912	0.350053	0.032103	0.005077	0.576644
ORI	1e-05	0.06152	0.180099	0.035641	0.036544	0.686185
ORI	1e-05	0.035523	0.275857	0.010587	1e-05	0.678013
ORI	0.011758	0.029901	0.341068	0.014452	1e-05	0.602811
ORI	1e-05	0.048504	0.335612	0.045967	0.00037	0.569538
ORI	0.000333	0.048488	0.255733	0.03631	0.00618	0.652957
ORI	0.003845	0.024335	0.526361	0.02732	0.001969	0.416171
ORI	1e-05	0.028947	0.244598	0.021342	0.010068	0.695035
ORI	0.004787	0.028689	0.174471	0.042571	0.012671	0.736812
ORI	0.007653	0.03594	0.319381	0.031857	0.003219	0.601949
ORI	0.005985	0.02997	0.293701	0.0129	1e-05	0.657433
ORI	0.000613	1e-05	0.008629	0.003339	0.011181	0.976228
ORI	0.000618	1e-05	0.012873	0.000378	0.006531	0.979589
ORI	0.00465	0.018436	0.323474	0.018754	0.007644	0.627041
ORI	0.005339	0.005055	0.042485	1e-05	0.002986	0.944125
ORI	1.2e-05	0.0258	0.309811	0.023156	1e-05	0.641211
ORI	1e-05	0.039834	0.292004	0.049764	0.005768	0.61262
ORI	0.016533	0.039391	0.336845	0.023038	1e-05	0.584182
ORI	1e-05	0.020824	0.294887	0.01791	0.007378	0.658992
ORI	0.005684	0.037098	0.311871	0.019873	0.008423	0.617051
ORI	0.004671	0.039804	0.357413	0.028736	1e-05	0.569366
ORI	0.003868	0.025017	0.224558	0.039724	0.003958	0.702875
ORI	0.002022	0.013918	0.384686	0.022514	0.005084	0.571776
ORI	0.002174	0.035322	0.299448	0.032252	1e-05	0.630793
ORI	0.005614	0.020191	0.193167	0.014016	1e-05	0.767002
ORI	0.000786	0.008278	0.013874	0.000853	0.007047	0.969162
ORI	1e-05	0.03035	0.302901	0.022636	0.008435	0.635667
ORI	1.4e-05	0.024692	0.43785	0.013549	1e-05	0.523884
ORI	0.010762	0.024503	0.471566	0.014657	1e-05	0.478502
ORI	0.009139	0.026543	0.328392	0.022044	0.009167	0.604713
ORI	0.014229	0.027889	0.359966	0.014978	0.004421	0.578517
ORI	0.00303	0.035083	0.598509	0.022329	1e-05	0.341039
ORI	0.007251	0.041686	0.305591	0.039937	0.002066	0.603469
ORI	0.026549	0.020214	0.194253	0.014445	1e-05	0.744529
ORI	0.006019	1e-05	0.03159	0.00236	0.004806	0.955215
ORI	0.00818	0.030013	0.395465	0.042745	1e-05	0.523587
ORI	1e-05	1e-05	0.000179	1e-05	0.003447	0.996344
ORI	0.004762	0.044545	0.31013	0.01457	0.008089	0.617904
ORI	0.005573	0.025339	0.357564	0.031346	1e-05	0.580167
ORI	1e-05	0.035379	0.458875	0.034249	1e-05	0.471477
ORI	1e-05	0.012869	0.182328	0.016743	0.002206	0.785845
ORI	0.01166	0.036132	0.3478	0.044274	0.00067	0.559465
ORI	0.014929	0.019096	0.494303	0.018133	1e-05	0.453529
ORI	0.003956	0.046718	0.085256	0.021716	0.047154	0.7952
ORI	0.007119	0.033335	0.402432	0.037216	1e-05	0.519888
ORI	0.005397	0.031734	0.286519	0.011433	0.00511	0.659808
ORI	0.000519	1e-05	0.000338	8.9e-05	0.00258	0.996465
ORI	0.000471	0.035591	0.476735	0.039688	1e-05	0.447505
ORI	0.006864	0.026174	0.363246	0.029776	1e-05	0.57393
ORI	1e-05	0.024828	0.34614	0.027267	0.004367	0.597388
ORI	0.00226	0.040454	0.34055	0.007414	0.007067	0.602254
ORI	0.004887	0.021151	0.335788	0.02443	0.010608	0.603136
ORI	0.013751	0.025339	0.343234	0.026565	1e-05	0.591102
ORI	0.003856	0.003612	0.011967	1e-05	0.008605	0.97195
ORI	0.003924	0.024516	0.365295	0.04268	0.000527	0.563058
ORI	0.001022	0.012277	0.614017	0.027447	1e-05	0.345226
ORI	0.002535	0.000553	0.001942	1e-05	0.002647	0.992313
ORI	0.005786	0.0445	0.06989	0.028638	0.014261	0.836925
ORI	1e-05	0.026048	0.515747	0.026698	1e-05	0.431488
ORI	0.005703	0.058797	0.428065	0.087661	0.001076	0.418698
ORI	1e-05	0.01583	0.06268	0.006656	0.012168	0.902657
ORI	0.009917	0.034213	0.369366	0.003322	1e-05	0.583172
ORI	0.026466	0.046093	0.262575	0.019438	0.00066	0.644767
ORI	0.000108	0.000258	0.00166	0.000344	0.002648	0.994983
ORI	0.001229	0.003622	0.000915	0.00207	0.006899	0.985265
ORI	0.00627	0.015618	0.194199	0.002671	0.001257	0.779985
ORI	1.1e-05	0.014903	0.544887	0.01757	1e-05	0.422618
ORI	1e-05	0.03786	0.374997	0.016282	0.000549	0.570303
ORI	0.00435	0.042297	0.260218	0.045462	1e-05	0.647663
ORI	0.019502	0.03781	0.308663	0.023823	1e-05	0.610192
ORI	0.00531	0.029234	0.434853	0.026261	0.005358	0.498984
ORI	1e-05	0.024475	0.285466	0.024204	0.006182	0.659663
ORI	0.007113	0.023031	0.369975	0.022842	0.000408	0.576631
ORI	0.010091	0.043717	0.27	0.019933	1e-05	0.656248
ORI	0.004614	0.003527	0.009029	1e-05	0.005172	0.977648
ORI	0.011098	0.020337	0.222649	0.021914	1e-05	0.723991
ORI	1e-05	7.5e-05	0.000632	1.8e-05	0.002675	0.99659
ORI	0.000837	0.036539	0.252951	0.037646	1e-05	0.672017
ORI	1e-05	0.01004	0.259712	0.035431	0.000326	0.694482
ORI	0.008435	0.012482	0.274683	0.029508	1e-05	0.674883
ORI	0.006474	0.033335	0.173283	0.037253	0.000822	0.748834
ORI	1e-05	0.054095	0.226662	0.027753	0.01309	0.67839
ORI	0.002546	0.024345	0.346953	0.031553	0.004571	0.590031
ORI	1e-05	0.024623	0.260548	0.037921	1e-05	0.676887
ORI	0.009248	0.02908	0.350034	0.037423	0.005172	0.569042
ORI	0.001183	0.001552	0.000909	0.002257	0.003111	0.990988
ORI	0.007858	0.026057	0.28776	0.03395	0.000827	0.643549
ORI	0.020529	0.035691	0.364273	0.025957	1e-05	0.553539
ORI	0.012138	0.029726	0.385034	0.025578	0.00492	0.542603
ORI	0.012696	0.025859	0.403424	0.040854	1e-05	0.517157
ORI	0.011635	0.04481	0.375708	0.020797	1e-05	0.547039
ORI	1e-05	0.03065	0.424287	0.01514	0.004949	0.524964
ORI	0.013802	0.004231	0.118063	1e-05	1e-05	0.863884
ORI	0.006346	0.024947	0.379256	0.033252	1e-05	0.556189
ORI	1e-05	0.033039	0.199549	0.011523	0.011061	0.744818
ORI	7.9e-05	0.029821	0.293912	0.029376	0.000605	0.646207
ORI	0.005087	0.016301	0.291577	0.035502	0.015104	0.636429
ORI	0.000975	0.021809	0.461143	0.034351	1e-05	0.481713
ORI	0.00201	0.032135	0.307032	0.028373	0.000926	0.629524
ORI	0.009058	0.033209	0.364255	0.019063	1e-05	0.574405
ORI	0.0085	0.055028	0.420642	0.053553	0.002268	0.460009
ORI	0.009381	0.017124	0.109786	0.00899	0.007158	0.847561
ORI	0.003687	0.014996	0.12607	0.002139	0.004437	0.848671
ORI	1e-05	0.02749	0.419885	0.021524	0.004885	0.526206
ORI	0.001771	0.026972	0.194338	0.022658	1e-05	0.754251
ORI	0.011606	0.037574	0.288881	0.029965	0.00128	0.630693
ORI	0.009155	0.017061	0.260919	0.017858	0.004229	0.690779
ORI	0.001743	0.0318	0.324965	0.022322	1e-05	0.619159
ORI	0.011158	0.028301	0.299589	0.035933	1e-05	0.625008
ORI	0.014754	0.030951	0.3566	0.029969	0.003851	0.563874
ORI	1e-05	0.052103	0.229917	0.028186	0.007578	0.682205
ORI	0.011277	0.036664	0.279501	0.030077	0.008252	0.634228
ORI	0.006304	0.025795	0.572226	0.026788	0.025451	0.343437
ORI	0.000192	0.018248	0.443419	0.018239	1e-05	0.519892
ORI	1e-05	0.014719	0.201024	0.023005	0.01267	0.748572
ORI	0.006114	0.04613	0.389282	0.010193	0.007291	0.54099
ORI	0.013951	0.034362	0.411733	0.017651	0.001801	0.520502
ORI	1e-05	0.036733	0.233944	0.032891	0.009749	0.686672
ORI	0.004359	0.038068	0.371624	0.024135	0.014369	0.547445
ORI	1e-05	0.000464	3.9e-05	0.000168	0.003285	0.996035
ORI	1e-05	0.025998	0.349119	0.013035	1e-05	0.611827
ORI	1e-05	0.005292	0.104467	1e-05	0.001353	0.888868
ORI	0.01438	0.070697	0.364477	0.083	1e-05	0.467437
ORI	0.038719	0.019856	0.50241	0.007926	1e-05	0.431078
ORI	0.003098	0.041036	0.356712	0.01682	0.0035	0.578833
ORI	0.0112	0.027599	0.347185	0.028469	0.002172	0.583374
ORI	1e-05	0.042861	0.324956	0.010891	1e-05	0.621273
ORI	1e-05	0.022214	0.24815	0.028077	0.011756	0.689793
ORI	0.004205	0.025495	0.298983	0.039203	1e-05	0.632104
ORI	1e-05	0.023498	0.271772	0.044321	1e-05	0.66039
ORI	0.002637	0.010379	0.035474	0.009486	0.007396	0.934628
ORI	1.1e-05	0.018177	0.354937	0.01128	1e-05	0.615585
ORI	0.006434	0.023457	0.616526	0.023203	1e-05	0.330369
ORI	0.006531	0.028181	0.258502	0.021373	0.008496	0.676916
ORI	1e-05	0.022604	0.251403	0.0163	0.007922	0.701761
ORI	0.005784	0.037915	0.213786	0.043399	0.01503	0.684085
ORI	0.000579	0.007986	0.211732	0.007157	0.009295	0.763252
ORI	1e-05	0.037638	0.317342	0.023954	0.004169	0.616887
ORI	0.007974	0.020877	0.303252	0.017332	1e-05	0.650555
ORI	0.004464	0.018194	0.413878	0.025426	1e-05	0.538028
ORI	1e-05	0.033905	0.522264	0.009222	1e-05	0.43459
ORI	0.009743	0.005739	0.420987	0.019537	0.006124	0.53787
ORI	0.000708	0.033587	0.430124	0.032957	1e-05	0.502614
ORI	0.001199	0.027891	0.288596	0.039881	1e-05	0.642423
ORI	1.2e-05	0.015309	0.191902	0.027199	1e-05	0.765569
ORI	1e-05	0.02515	0.414494	0.024253	0.014731	0.521361
ORI	1.1e-05	0.039028	0.136452	0.051928	1e-05	0.77257
ORI	0.006162	0.026466	0.371076	0.015914	0.007135	0.573247
ORI	0.003557	0.023415	0.297168	0.040454	1e-05	0.635397
ORI	0.007392	0.036488	0.361715	0.017208	0.007678	0.569519
ORI	1e-05	0.001978	0.003713	8.2e-05	0.00864	0.985577
ORI	0.005735	0.01733	0.188263	0.013118	0.011042	0.764512
ORI	0.007238	0.01787	0.599176	0.010891	1e-05	0.364815
ORI	0.012066	0.038951	0.309369	0.015461	0.007342	0.616812
ORI	0.011226	0.036693	0.4469	0.034397	0.002603	0.46818
ORI	0.000324	0.033623	0.501982	0.031791	1e-05	0.43227
ORI	1e-05	0.029818	0.388146	0.032321	0.005313	0.544392
ORI	0.004457	0.038349	0.422626	0.015991	1e-05	0.518568
ORI	0.011468	0.019812	0.382439	0.015116	1e-05	0.571155
ORI	0.00097	1e-05	0.004983	0.000466	0.004247	0.989324
ORI	0.003452	0.006002	0.113313	0.011926	0.01416	0.851147
ORI	0.002828	0.029659	0.270765	0.010761	0.00133	0.684657
ORI	0.013525	0.024486	0.336794	0.023894	0.005867	0.595435
ORI	1e-05	0.040091	0.286751	0.028468	0.001234	0.643446
ORI	0.008336	0.01906	0.317638	0.001912	1e-05	0.653043
ORI	1e-05	0.081292	0.4465	0.055829	1e-05	0.416358
ORI	0.008665	0.027094	0.368679	0.019733	0.008578	0.56725
ORI	1e-05	0.045497	0.432179	0.022665	0.003605	0.496044
ORI	0.006755	0.034852	0.27676	0.015257	0.002962	0.663414
ORI	0.000301	4.6e-05	2e-05	1e-05	0.00207	0.997553
ORI	1.5e-05	0.033619	0.579892	0.02009	1e-05	0.366374
ORI	0.001705	0.030927	0.551683	0.019467	1e-05	0.396208
ORI	0.007872	0.03706	0.304351	0.011957	0.003714	0.635047
ORI	1e-05	0.028175	0.310658	0.023153	0.008019	0.629985
ORI	1.2e-05	0.034839	0.582013	0.033831	1e-05	0.349295
ORI	0.005039	0.033323	0.291026	0.034336	1e-05	0.636266
ORI	0.000835	0.026465	0.283457	0.003337	0.000744	0.685163
ORI	0.009495	0.032156	0.304596	0.022812	1e-05	0.630931
ORI	1e-05	0.018545	0.286132	0.015567	0.016591	0.663155
ORI	0.005466	0.027336	0.373922	0.032712	1e-05	0.560554
ORI	0.003987	0.000633	0.005188	0.000671	0.002775	0.986745
ORI	1e-05	0.023519	0.297055	0.009692	0.002611	0.667113
ORI	0.006751	0.031931	0.24435	0.024804	0.001188	0.690975
ORI	0.012958	0.034343	0.530813	0.022572	1e-05	0.399304
ORI	0.005619	0.023806	0.103874	0.026894	0.003543	0.836264
ORI	1e-05	0.036737	0.331603	0.03518	0.004166	0.592305
ORI	0.008284	0.007145	0.43132	0.027282	0.002231	0.523738
ORI	1.3e-05	0.034829	0.428978	0.035715	1e-05	0.500456
ORI	0.010591	0.022672	0.296006	0.019495	0.005489	0.645748
ORI	1e-05	0.018285	0.171923	0.01238	0.003378	0.794024
ORI	0.006753	0.029174	0.197691	0.020817	0.00903	0.736536
ORI	0.007544	0.015702	0.319991	0.006708	1e-05	0.650044
ORI	0.00218	0.025786	0.314775	0.019247	0.007019	0.630992
ORI	1e-05	0.048095	0.352741	0.036608	0.014477	0.548069
ORI	0.004107	1e-05	0.013757	0.000914	0.00391	0.977302
ORI	0.016028	0.046426	0.409348	0.020624	1e-05	0.507564
ORI	1e-05	0.021968	0.395303	0.026707	0.000587	0.555424
ORI	0.005575	0.03136	0.296276	0.02321	0.012383	0.631196
ORI	1e-05	0.034641	0.32278	0.020382	1e-05	0.622176
ORI	0.007566	0.022756	0.221827	0.028758	0.010559	0.708534
ORI	1e-05	0.003157	0.061957	0.002635	0.006029	0.926212
ORI	0.001297	0.037137	0.350083	0.034804	0.000304	0.576375
ORI	0.000842	0.004245	0.041024	0.011787	0.016486	0.925614
ORI	1e-05	0.034456	0.034825	0.019224	0.009439	0.902047
ORI	0.002272	0.036864	0.520786	0.031224	1e-05	0.408845
ORI	1e-05	0.024236	0.28432	0.015823	1e-05	0.675602
ORI	0.018591	0.041512	0.291009	0.016192	0.001593	0.631103
ORI	1e-05	0.032455	0.374194	0.005708	1e-05	0.587623
ORI	1e-05	0.047038	0.325302	0.037417	0.005449	0.584785
ORI	0.000339	0.002294	0.022146	0.001894	0.005848	0.967479
ORI	0.005387	0.023424	0.256854	0.024045	0.011105	0.679185
ORI	1e-05	0.010905	0.059666	0.00431	0.013454	0.911654
ORI	1e-05	0.021717	0.300493	0.015757	0.000891	0.661133
ORI	1e-05	0.049132	0.266732	0.030723	0.009201	0.644201
