region	group1	group2	group3	group4	group5	group6	group7
ORI	0.322255	0.631669	0.032021	1e-05	1e-05	0.014025	1e-05
ORI	0.387019	0.538489	0.058237	0.015853	1e-05	0.000383	1e-05
ORI	0.21249	0.708172	0.075137	0.004171	1e-05	1e-05	1e-05
ORI	0.339583	0.578452	0.048869	0.010511	0.002402	1e-05	0.020171
ORI	0.163872	0.763065	0.062594	1.7e-05	0.008475	1e-05	0.001968
ORI	0.294767	0.613771	0.065615	1e-05	1e-05	0.009352	0.016475
ORI	0.002592	0.99274	3.6e-05	1e-05	0.003738	0.000874	1e-05
ORI	0.019813	0.961779	0.004816	1e-05	0.013563	1e-05	1e-05
ORI	0.007307	0.983339	0.003264	1e-05	0.005092	0.000978	1e-05
ORI	0.291161	0.60891	0.040392	1e-05	1e-05	0.015684	0.043833
ORI	0.35023	0.567093	0.031673	0.015123	0.004507	0.004695	0.026678
ORI	0.385693	0.510673	0.047549	0.010117	1e-05	1e-05	0.045949
ORI	0.327338	0.614236	0.043684	0.011897	1e-05	1e-05	0.002826
ORI	0.291058	0.64764	0.048311	1e-05	0.007037	1e-05	0.005934
ORI	0.032141	0.956301	0.003187	0.000825	0.004883	1e-05	0.002653
ORI	0.370698	0.506996	0.07075	0.013501	0.005475	0.002615	0.029965
ORI	0.384634	0.526832	0.059611	0.000961	1e-05	1e-05	0.027941
ORI	0.047389	0.897977	0.043677	0.00935	0.001371	0.000225	1e-05
ORI	0.284921	0.630445	0.065579	0.003797	1e-05	0.000835	0.014413
ORI	0.291669	0.62671	0.04602	1e-05	1e-05	1e-05	0.035571
ORI	0.275708	0.628323	0.044172	0.014549	0.003753	0.005368	0.028126
ORI	0.300553	0.603646	0.068635	0.002429	0.011856	0.004578	0.008304
ORI	0.422805	0.495375	0.054955	0.002614	0.006432	1e-05	0.01781
ORI	0.276253	0.635754	0.052639	1e-05	1e-05	0.002703	0.03263
ORI	0.307152	0.612227	0.048392	0.007799	1e-05	1e-05	0.02441
ORI	0.356289	0.546366	0.059639	0.014605	1e-05	0.002704	0.020387
ORI	0.150613	0.770766	0.056199	1e-05	0.008678	1e-05	0.013725
ORI	0.263975	0.632657	0.095237	0.005726	1e-05	1e-05	0.002385
ORI	0.501451	0.420114	0.057934	0.003416	1.3e-05	1e-05	0.017061
ORI	0.156676	0.81402	0.017092	0.006998	0.005194	1e-05	1e-05
ORI	0.350295	0.591877	0.044371	0.011558	1e-05	0.000385	0.001504
ORI	0.360039	0.575481	0.052491	0.009142	1e-05	1e-05	0.002828
ORI	0.365993	0.562107	0.055882	0.015987	1e-05	1e-05	1e-05
ORI	0.338682	0.617813	0.035783	1e-05	1e-05	1e-05	0.007692
ORI	0.015415	0.978631	0.002731	1e-05	0.003193	1e-05	1e-05
ORI	0.3577	0.592769	0.046911	1e-05	1e-05	0.00259	1e-05
ORI	0.293747	0.646969	0.030011	0.007422	1e-05	1e-05	0.021832
ORI	0.309034	0.616168	0.033673	0.009208	0.000682	1e-05	0.031226
ORI	0.439197	0.494331	0.035567	0.006964	1e-05	1e-05	0.02392
ORI	0.435682	0.533116	0.021145	0.010027	1e-05	1e-05	1e-05
ORI	0.685329	0.233339	0.03071	0.007342	1e-05	1e-05	0.043259
ORI	0.478117	0.449308	0.024252	1e-05	1e-05	1e-05	0.048294
ORI	0.67598	0.24545	0.046293	0.012904	1e-05	1e-05	0.019353
ORI	0.325399	0.571062	0.066705	0.011944	1e-05	0.003062	0.021819
ORI	0.498304	0.40148	0.059091	0.012367	0.000549	1e-05	0.028199
ORI	0.233194	0.709193	0.039361	0.012781	0.003482	1e-05	0.00198
ORI	0.017767	0.957755	0.015547	1e-05	0.005113	1e-05	0.003798
ORI	0.250334	0.670261	0.055172	0.006514	1e-05	1e-05	0.017699
ORI	0.36397	0.55846	0.052251	2e-05	0.003725	1e-05	0.021564
ORI	0.268932	0.640452	0.072856	0.002524	1e-05	1e-05	0.015216
ORI	0.406478	0.537245	0.020042	0.012707	1e-05	1e-05	0.023508
ORI	0.361682	0.566604	0.052139	1e-05	0.001631	1e-05	0.017924
ORI	0.43515	0.476088	0.061956	0.001181	0.003579	0.003611	0.018435
ORI	0.300443	0.665211	0.019047	0.002256	0.007059	0.001178	0.004805
ORI	0.294629	0.617094	0.066942	0.003848	1e-05	0.003225	0.014253
ORI	0.149544	0.79763	0.016252	1e-05	0.009022	0.00079	0.026751
ORI	0.703332	0.216577	0.033859	0.003841	1e-05	1e-05	0.042371
ORI	0.27433	0.613082	0.082129	0.009436	1e-05	1e-05	0.021003
ORI	0.818846	0.118809	0.026652	0.002456	1e-05	1e-05	0.033218
ORI	0.327156	0.60325	0.04129	1e-05	0.009218	0.003853	0.015222
ORI	0.317482	0.571685	0.084285	0.004008	1e-05	0.006648	0.015881
ORI	0.359182	0.554662	0.04565	1e-05	1e-05	0.014716	0.025771
ORI	0.226152	0.697933	0.052345	0.003171	0.015116	0.005273	1e-05
ORI	0.296804	0.637859	0.055563	0.003185	0.006569	1e-05	1e-05
ORI	0.650649	0.290823	0.028447	1e-05	1e-05	1e-05	0.030051
ORI	0.136536	0.824152	0.019819	0.007572	0.001472	1e-05	0.010438
ORI	0.367472	0.571835	0.023703	0.000318	0.000264	0.009985	0.026425
ORI	0.342027	0.606507	0.022873	0.003853	0.003203	1e-05	0.021526
ORI	0.334796	0.612474	0.015646	0.012076	1e-05	0.002527	0.022471
ORI	0.292071	0.633643	0.039906	1e-05	1e-05	1e-05	0.03435
ORI	0.243691	0.66793	0.080222	0.008127	1e-05	1e-05	1e-05
ORI	0.413426	0.511292	0.053649	0.011416	0.009337	1e-05	0.000869
ORI	0.370029	0.551521	0.058358	1e-05	1e-05	0.007638	0.012434
ORI	0.408552	0.519421	0.033792	0.002803	0.004457	1e-05	0.030965
ORI	0.340724	0.598847	0.053609	0.000218	1e-05	1e-05	0.006583
ORI	0.3934	0.520838	0.069276	0.006584	1e-05	1e-05	0.009881
ORI	0.189411	0.750852	0.030759	0.00422	1e-05	1e-05	0.024737
ORI	0.409246	0.500821	0.05062	1e-05	1e-05	0.002758	0.036535
ORI	0.281854	0.605754	0.066495	0.00622	0.010495	1e-05	0.029171
ORI	0.357593	0.557333	0.046609	1e-05	0.002974	1e-05	0.035471
ORI	0.13535	0.812681	0.018683	1e-05	1e-05	0.005467	0.0278
ORI	0.451108	0.472122	0.046783	0.012041	1e-05	1e-05	0.017926
ORI	0.251974	0.625122	0.081577	0.00692	0.002984	0.006693	0.024729
ORI	0.264316	0.68315	0.029881	0.001725	0.016027	1e-05	0.00489
ORI	0.274294	0.657848	0.047304	1e-05	1e-05	1e-05	0.020524
ORI	0.385659	0.566175	0.041743	1e-05	1e-05	0.006393	1e-05
ORI	0.539125	0.398268	0.039664	0.002619	1e-05	1e-05	0.020305
ORI	0.371189	0.546467	0.050288	0.00144	1e-05	0.00491	0.025695
ORI	0.262324	0.62482	0.084561	1e-05	0.006515	0.001998	0.019772
ORI	0.415198	0.488145	0.053365	0.013237	1e-05	1e-05	0.030035
ORI	0.461003	0.466213	0.029269	0.007059	1e-05	1e-05	0.036436
ORI	0.291173	0.607889	0.063143	0.004339	0.009127	1e-05	0.02432
ORI	0.410599	0.525902	0.034763	1e-05	0.007414	1e-05	0.021303
ORI	0.303439	0.640031	0.017941	0.005383	1e-05	0.010616	0.02258
ORI	0.289829	0.644671	0.043742	0.004521	1e-05	1e-05	0.017217
ORI	0.264377	0.660092	0.051452	1.3e-05	0.003866	1e-05	0.02019
ORI	0.478796	0.430727	0.032621	0.013244	1e-05	0.00104	0.043562
ORI	0.27337	0.66429	0.03484	0.002477	0.009176	0.004906	0.010941
ORI	0.391754	0.446288	0.140129	0.010818	1e-05	0.004201	0.0068
ORI	0.25608	0.682984	0.041065	0.013436	0.00448	1e-05	0.001944
ORI	0.249618	0.658206	0.084969	1e-05	0.005285	0.001902	1e-05
ORI	0.349051	0.591363	0.039754	0.002125	0.009203	1e-05	0.008495
ORI	0.297805	0.620439	0.074069	1e-05	1e-05	1e-05	0.007657
ORI	0.295587	0.619332	0.06097	1e-05	0.000215	0.000311	0.023577
ORI	0.698257	0.24193	0.031405	1e-05	1e-05	1e-05	0.028379
ORI	0.574667	0.34384	0.041991	1.4e-05	1e-05	0.000517	0.038961
ORI	0.580593	0.356499	0.056941	0.000171	0.002735	0.00141	0.00165
ORI	0.261402	0.679314	0.046597	0.008498	1e-05	1e-05	0.004169
ORI	0.335526	0.592381	0.048536	0.008164	0.006083	1e-05	0.0093
ORI	0.239035	0.685563	0.055617	0.005228	1e-05	0.004233	0.010313
ORI	0.242582	0.700303	0.050101	0.002822	1e-05	0.004171	1e-05
ORI	0.294403	0.657959	0.028086	0.009544	1e-05	1e-05	0.009989
ORI	0.430691	0.509438	0.034589	1e-05	0.003308	1e-05	0.021954
ORI	0.394805	0.538816	0.042265	0.002524	1e-05	1e-05	0.02157
ORI	0.323978	0.591217	0.069065	1e-05	0.001924	0.000155	0.013651
ORI	0.403179	0.505106	0.060478	0.001061	1e-05	0.00447	0.025696
ORI	0.284239	0.644638	0.062568	0.001887	0.003299	1e-05	0.003359
ORI	0.279339	0.640499	0.059369	0.01075	1e-05	0.000982	0.00905
ORI	0.302579	0.624009	0.049251	1e-05	0.002499	1e-05	0.021642
ORI	0.185747	0.757287	0.035622	1e-05	0.004918	1e-05	0.016407
ORI	0.347523	0.59071	0.046795	0.009895	0.000164	0.000247	0.004667
ORI	0.462329	0.402637	0.066055	0.01576	1e-05	1e-05	0.053199
ORI	0.40489	0.512218	0.055577	0.00191	0.007691	1e-05	0.017704
ORI	0.107056	0.879099	0.002024	1e-05	0.001704	0.004004	0.006103
ORI	0.329262	0.607251	0.06344	1.7e-05	1e-05	1e-05	1e-05
ORI	0.387651	0.55575	0.038313	0.008795	1e-05	1e-05	0.009471
ORI	0.282307	0.628968	0.049945	0.013138	1e-05	0.004554	0.021079
ORI	0.376765	0.563054	0.023218	0.006245	0.001978	0.010759	0.017981
ORI	0.238172	0.707253	0.036544	0.010104	0.007616	1e-05	3e-04
ORI	0.405988	0.487126	0.049414	0.005929	1e-05	1e-05	0.051523
ORI	0.741405	0.187948	0.040054	1e-05	1e-05	1e-05	0.030563
ORI	0.255204	0.642407	0.072603	1e-05	1e-05	1e-05	0.029756
ORI	0.270851	0.659438	0.048714	0.004814	0.015598	1e-05	0.000575
ORI	0.336125	0.521263	0.104522	0.005624	0.011077	1e-05	0.021379
ORI	0.367545	0.571689	0.028297	0.01005	0.001312	1e-05	0.021097
ORI	0.003414	0.991541	0.001817	1e-05	1e-05	0.002653	0.000554
ORI	0.432891	0.505425	0.040261	1.1e-05	1e-05	0.00222	0.019181
ORI	0.238448	0.684361	0.048277	0.005754	1e-05	0.003417	0.019733
ORI	0.341784	0.538333	0.072186	1e-05	0.009213	0.000994	0.03748
ORI	0.416878	0.541606	0.026474	0.002701	1e-05	0.009112	0.003219
ORI	0.708803	0.225236	0.039669	0.007832	1e-05	1e-05	0.01844
ORI	0.212314	0.693457	0.062847	0.015729	1e-05	0.000528	0.015114
ORI	0.550521	0.324093	0.069047	0.013272	1e-05	1e-05	0.043047
ORI	0.273837	0.649254	0.061658	0.008976	1e-05	1e-05	0.006256
ORI	0.073908	0.904307	0.013573	1e-05	1e-05	0.008183	1e-05
ORI	0.115654	0.834455	0.027615	0.007597	0.010403	0.004265	1e-05
ORI	0.309414	0.626331	0.038575	0.016441	0.009219	1e-05	1e-05
ORI	0.038869	0.900459	0.037268	0.000386	0.011113	1e-05	0.011894
ORI	0.288575	0.634038	0.040569	0.00177	1e-05	0.010884	0.024155
ORI	0.282348	0.648968	0.062883	0.002464	1e-05	0.000243	0.003083
ORI	0.327505	0.572269	0.058609	0.010951	0.008993	0.002839	0.018833
ORI	0.245144	0.696117	0.044	0.011438	0.003148	1e-05	0.000142
ORI	0.360223	0.556408	0.041537	0.016909	1e-05	1e-05	0.024903
ORI	0.300928	0.601248	0.056148	0.008794	1e-05	1e-05	0.032863
ORI	0.204696	0.725198	0.051871	0.009082	1e-05	0.001877	0.007267
ORI	0.237935	0.675554	0.058447	0.009155	1e-05	1e-05	0.01889
ORI	0.286861	0.656453	0.045461	0.007387	1e-05	0.000444	0.003384
ORI	0.708054	0.202744	0.043095	1e-05	1e-05	1e-05	0.046076
ORI	0.213701	0.720212	0.043725	1e-05	0.011737	1e-05	0.010605
ORI	0.367084	0.555523	0.054	0.009283	1e-05	1e-05	0.01409
ORI	0.282066	0.622813	0.086225	1e-05	0.008464	0.000413	1e-05
ORI	0.360643	0.553537	0.045542	0.008385	1e-05	0.00511	0.026773
ORI	1e-05	0.996111	1e-05	1e-05	0.002747	0.000841	0.000272
ORI	0.591728	0.353991	0.023644	1e-05	1e-05	0.003345	0.027273
ORI	0.236485	0.669899	0.068682	0.006245	0.004362	1e-05	0.014316
ORI	0.446347	0.425843	0.092257	0.000482	1e-05	0.004767	0.030295
ORI	0.553687	0.388392	0.034943	0.016193	1e-05	1e-05	0.006766
ORI	0.329894	0.585893	0.048331	1e-05	0.001574	0.006929	0.02737
ORI	0.001838	0.992083	0.000541	1e-05	0.001054	0.003784	0.000691
ORI	0.316053	0.589701	0.058748	1e-05	1e-05	1e-05	0.035468
ORI	0.22134	0.708533	0.04203	1e-05	0.005798	0.006728	0.015562
ORI	0.220421	0.713467	0.053446	1e-05	1e-05	0.001077	0.011568
ORI	0.31452	0.597414	0.051593	0.005626	1e-05	1e-05	0.030827
ORI	0.558901	0.332938	0.041999	0.02331	1e-05	1e-05	0.042832
ORI	0.248576	0.691854	0.053513	0.001368	1e-05	1e-05	0.004668
ORI	0.312583	0.615123	0.050066	0.005644	1e-05	0.001172	0.015401
ORI	0.319489	0.613396	0.043002	1e-05	1e-05	1e-05	0.024083
ORI	0.293455	0.621075	0.040441	0.005303	0.000688	0.006017	0.03302
ORI	0.354099	0.574132	0.048583	0.001952	1e-05	0.005198	0.016026
ORI	0.281207	0.645673	0.053894	0.001818	0.004905	1e-05	0.012493
ORI	0.364097	0.511802	0.053468	0.013748	1e-05	1e-05	0.056864
ORI	0.182309	0.670421	0.130327	0.002816	0.00181	0.000623	0.011693
ORI	0.195279	0.717566	0.043337	1e-05	1e-05	0.012869	0.030929
ORI	0.400642	0.501834	0.045328	0.012412	1e-05	0.004478	0.035297
ORI	0.247843	0.693318	0.052192	0.000202	1e-05	0.000876	0.005559
ORI	0.286247	0.63749	0.040866	0.003671	0.001201	0.011976	0.01855
ORI	0.343324	0.590102	0.055994	1e-05	1.9e-05	1e-05	0.010542
ORI	0.288714	0.635265	0.043422	0.006394	1e-05	0.000979	0.025217
ORI	0.32609	0.611698	0.04032	1e-05	1e-05	0.009275	0.012597
ORI	0.377714	0.563547	0.039991	1e-05	1e-05	0.008277	0.010452
ORI	0.341801	0.60578	0.046969	1e-05	1e-05	0.001233	0.004198
ORI	0.467379	0.467487	0.025769	0.005199	0.000124	1e-05	0.034032
ORI	0.269789	0.654342	0.059026	0.003209	0.000526	1e-05	0.013099
ORI	0.309116	0.608649	0.037728	0.020597	1e-05	1e-05	0.023889
ORI	0.389997	0.527839	0.053696	0.000198	1e-05	0.001301	0.026959
ORI	0.267679	0.66073	0.041893	0.006285	1e-05	0.002955	0.020447
ORI	0.556659	0.394615	0.017544	0.010869	1e-05	1e-05	0.020292
ORI	0.221412	0.681299	0.070071	0.013616	1e-05	0.00951	0.004081
ORI	0.264345	0.647951	0.079435	0.000207	1e-05	0.008042	1e-05
ORI	0.485404	0.468908	0.033142	0.004926	1e-05	1e-05	0.0076
ORI	0.329761	0.585513	0.051698	1e-05	0.004967	0.00215	0.025902
ORI	0.292823	0.62655	0.027567	0.012436	0.000512	0.012579	0.027533
ORI	0.312538	0.594682	0.050324	0.003296	1e-05	0.008311	0.030838
ORI	0.273328	0.629059	0.071864	0.017021	0.007424	0.001294	1e-05
ORI	0.514276	0.394266	0.051569	0.003378	1e-05	1e-05	0.036492
ORI	0.586046	0.337971	0.040093	0.0124	1e-05	1e-05	0.023471
ORI	0.342678	0.577102	0.046678	0.009878	0.000226	1e-05	0.023428
ORI	0.271695	0.651807	0.053858	1e-05	1e-05	0.007988	0.014632
ORI	0.348653	0.545053	0.084969	1e-05	0.010857	0.001561	0.008897
ORI	0.815735	0.12973	0.020612	0.000102	1e-05	1e-05	0.033801
ORI	0.349531	0.56317	0.040034	0.011178	1e-05	1e-05	0.036068
ORI	0.680984	0.229341	0.046202	0.006424	1e-05	1e-05	0.037029
ORI	0.348423	0.547779	0.06829	0.004507	0.004103	1e-05	0.026888
ORI	0.196597	0.734926	0.031022	0.016975	0.017663	1e-05	0.002806
ORI	0.304217	0.621503	0.043671	0.007552	0.004462	1e-05	0.018584
ORI	0.337022	0.600265	0.054851	1e-05	0.001321	1e-05	0.006521
ORI	0.343153	0.586608	0.057151	0.010649	0.002211	0.000218	1e-05
ORI	0.693166	0.22197	0.030517	0.003418	1e-05	1e-05	0.05091
ORI	0.317241	0.57903	0.05574	0.028499	0.003459	0.003707	0.012324
ORI	0.315254	0.637723	0.046982	1e-05	1e-05	1e-05	1e-05
ORI	0.544319	0.360124	0.038321	0.008884	1e-05	1e-05	0.048333
ORI	0.374611	0.55081	0.041192	1e-05	1e-05	0.013648	0.019718
ORI	0.326919	0.569929	0.076433	0.003436	1e-05	1e-05	0.023262
ORI	0.255734	0.671687	0.043781	0.01264	0.008799	0.004098	0.003261
ORI	0.24847	0.664229	0.055808	0.008022	1e-05	0.003263	0.020199
ORI	0.290451	0.626311	0.077369	1e-05	1e-05	0.005465	0.000385
ORI	0.353496	0.549276	0.04373	0.014404	1e-05	1e-05	0.039074
ORI	0.348357	0.554621	0.053858	0.002351	8.2e-05	0.002755	0.037977
ORI	0.33658	0.52966	0.064025	0.011074	0.014131	1e-05	0.044519
ORI	0.378505	0.511201	0.052266	0.007004	1e-05	0.007396	0.043619
ORI	0.264408	0.642208	0.07011	0.009903	0.003205	0.002392	0.007773
ORI	0.190413	0.788884	0.010458	0.004666	0.005559	1e-05	1e-05
ORI	0.382198	0.547736	0.043947	0.006371	0.004849	1e-05	0.014889
ORI	0.479419	0.440892	0.043506	0.010953	1e-05	1e-05	0.025209
ORI	0.148656	0.799998	0.009496	0.014067	1e-05	0.001096	0.026676
ORI	0.3468	0.564128	0.040336	1e-05	1e-05	0.008059	0.040657
ORI	0.212604	0.747302	0.015083	0.014423	1e-05	1e-05	0.010569
ORI	0.295018	0.625426	0.068966	0.003142	1e-05	1e-05	0.007428
ORI	0.222666	0.704207	0.045176	1e-05	0.003885	1e-05	0.024046
ORI	0.465538	0.471532	0.032811	0.007769	1e-05	0.004322	0.018019
ORI	0.232206	0.703911	0.045828	0.009769	1e-05	1e-05	0.008266
ORI	0.402498	0.500346	0.023381	0.004096	0.006739	0.00991	0.053031
ORI	0.207369	0.775657	0.004746	0.004394	0.00173	0.000132	0.005972
ORI	0.300322	0.584119	0.071028	0.015456	0.015773	1e-05	0.013292
ORI	0.307891	0.630837	0.026395	0.013472	0.004984	1e-05	0.016411
ORI	0.342821	0.547204	0.082474	0.00126	1e-05	0.005968	0.020263
ORI	0.081228	0.865876	0.031078	1e-05	0.013667	1e-05	0.008131
ORI	0.220939	0.702833	0.05562	0.013868	0.003396	0.003335	1e-05
ORI	0.352351	0.586346	0.033656	0.008012	0.004476	1e-05	0.01515
ORI	0.316637	0.64145	0.02292	1.5e-05	0.018241	1e-05	0.000727
ORI	0.236168	0.707072	0.033888	1e-05	0.00958	0.008944	0.004338
ORI	0.222831	0.677818	0.050958	0.014218	1e-05	0.008478	0.025688
ORI	0.080855	0.875045	0.023456	0.001213	0.0017	0.01772	1e-05
ORI	0.214046	0.712806	0.060442	0.008398	1e-05	0.0036	0.000698
ORI	0.425446	0.539538	0.0238	0.006246	0.00495	1e-05	1e-05
ORI	0.229938	0.725616	0.007535	0.000218	0.018056	1e-05	0.018628
ORI	0.323668	0.576008	0.053339	0.009012	0.006586	1e-05	0.031377
ORI	0.482578	0.396563	0.076216	0.009324	1e-05	1e-05	0.0353
ORI	0.417001	0.510929	0.042924	0.017486	1e-05	1e-05	0.01164
ORI	0.616184	0.301812	0.026801	0.004214	1e-05	1e-05	0.050969
ORI	0.286314	0.650852	0.040938	0.004524	1e-05	1e-05	0.017352
ORI	0.539437	0.372176	0.043331	0.00848	1e-05	1e-05	0.036556
ORI	0.358827	0.599307	0.041817	1e-05	1.2e-05	1.8e-05	1e-05
ORI	0.48916	0.439871	0.024445	0.012181	1e-05	1e-05	0.034323
ORI	0.158656	0.787904	0.032125	0.002703	1e-05	0.017305	0.001297
ORI	0.275368	0.660206	0.048068	0.004604	0.001853	1e-05	0.00989
ORI	0.370867	0.529968	0.056748	1e-05	0.001219	0.022525	0.018663
ORI	0.25752	0.687997	0.054432	1.8e-05	1.3e-05	1e-05	1e-05
ORI	0.318089	0.635301	0.034937	0.010587	0.001066	1e-05	1e-05
ORI	0.063503	0.926226	0.000177	0.002659	0.007415	1e-05	1e-05
ORI	0.264336	0.693151	0.019668	0.003929	1e-05	1e-05	0.018896
ORI	0.298665	0.666208	0.014119	0.007403	1e-05	1e-05	0.013585
ORI	0.342117	0.600934	0.040881	0.005881	1.4e-05	1e-05	0.010163
ORI	0.551846	0.375263	0.058775	0.004549	1e-05	1e-05	0.009547
ORI	0.328088	0.636203	0.01592	1e-05	0.001093	1e-05	0.018676
ORI	0.311995	0.614865	0.041906	0.011675	0.007508	0.006326	0.005725
ORI	0.376763	0.549897	0.058411	0.009038	0.002241	1e-05	0.003638
ORI	0.183427	0.751892	0.053824	1e-05	0.010307	0.000531	1e-05
ORI	0.328681	0.596913	0.063035	0.001024	1e-05	1e-05	0.010327
ORI	0.269128	0.657207	0.063544	1e-05	1e-05	1e-05	0.010091
ORI	0.202725	0.708399	0.05452	0.000893	0.007267	1e-05	0.026186
ORI	0.308336	0.490572	0.139732	1e-05	1e-05	0.00095	0.060389
ORI	0.552241	0.372589	0.034766	0.003939	0.00279	1e-05	0.033663
ORI	0.25509	0.666918	0.051903	0.000602	0.006296	1e-05	0.019181
ORI	0.264089	0.633836	0.08324	0.009506	0.000541	1e-05	0.008778
ORI	0.401787	0.482336	0.056495	0.019544	1e-05	0.001761	0.038065
ORI	0.32631	0.572194	0.058039	0.003025	0.001669	0.000626	0.038138
ORI	0.243642	0.686719	0.040366	0.005369	0.001193	1e-05	0.022702
ORI	0.413846	0.48665	0.062663	1e-05	0.005397	1e-05	0.031423
ORI	0.284866	0.687711	0.020423	0.006422	1e-05	0.000286	0.000283
ORI	0.412894	0.47804	0.044378	0.00329	1e-05	0.010967	0.050421
ORI	0.285555	0.646544	0.046344	1e-05	0.002191	0.009738	0.009618
ORI	0.072458	0.899029	0.017183	0.002038	0.009272	1e-05	1e-05
ORI	0.20525	0.729237	0.065473	1e-05	1e-05	1e-05	1e-05
ORI	0.79317	0.141301	0.031549	1e-05	1e-05	1e-05	0.03395
ORI	0.319945	0.572862	0.101006	1e-05	1e-05	1e-05	0.006158
ORI	0.281082	0.639448	0.040283	0.009938	1e-05	0.008233	0.021007
ORI	0.397928	0.501882	0.053714	0.008603	1e-05	0.00333	0.034533
ORI	0.195792	0.750278	0.041626	0.002565	0.002314	0.007416	1e-05
ORI	0.352622	0.543967	0.057847	0.006308	0.003103	0.006559	0.029594
ORI	0.323387	0.620932	0.04696	0.002484	0.001827	1e-05	0.0044
ORI	0.078788	0.846725	0.063442	1e-05	0.011015	1e-05	1e-05
ORI	0.397747	0.50381	0.076818	0.013457	1e-05	1e-04	0.008058
ORI	0.302599	0.614375	0.046191	0.010211	0.014662	0.000489	0.011472
ORI	0.365349	0.543049	0.054972	1e-05	1e-05	1e-05	0.0366
ORI	0.320011	0.579247	0.076183	0.021794	0.002649	0.000106	1e-05
ORI	0.317327	0.580915	0.079366	0.0056	0.004955	1e-05	0.011828
ORI	0.258753	0.668308	0.043622	0.006504	0.006435	0.001185	0.015193
ORI	0.292882	0.633066	0.056306	0.003773	0.005042	0.008922	1e-05
ORI	0.313338	0.618939	0.047278	1e-05	0.006776	1e-05	0.01365
ORI	0.339529	0.527836	0.078517	0.009915	1e-05	1e-05	0.044183
ORI	0.371568	0.545823	0.057769	1.2e-05	1e-05	1e-05	0.024807
ORI	0.240668	0.668588	0.066154	0.003339	1e-05	0.003667	0.017573
ORI	0.306498	0.621598	0.05498	0.013334	1e-05	1e-05	0.003569
ORI	0.251289	0.68179	0.042908	6e-05	1e-05	0.002285	0.021659
ORI	0.186954	0.724184	0.055989	1e-05	0.011977	0.00502	0.015866
ORI	0.216448	0.720388	0.045222	0.01132	0.000955	0.005658	1e-05
ORI	0.285171	0.646721	0.053901	1e-05	0.005015	0.003041	0.00614
ORI	0.411052	0.489285	0.071273	0.01409	0.000747	1e-05	0.013543
ORI	0.281672	0.637706	0.068572	1e-05	0.001971	1e-05	0.010059
ORI	0.519031	0.429244	0.033767	1e-05	1e-05	0.00298	0.014959
ORI	0.337245	0.56422	0.060576	0.001096	1e-05	1e-05	0.036842
ORI	0.293776	0.627146	0.04328	0.008629	1e-05	1e-05	0.027149
ORI	0.278124	0.646645	0.055305	0.010795	1e-05	1e-05	0.00911
ORI	0.3561	0.549671	0.065328	1e-05	0.004255	1e-05	0.024626
ORI	0.286682	0.669324	0.030567	1e-05	0.007857	1e-05	0.00555
ORI	0.30327	0.596581	0.075312	0.004853	0.01503	1e-05	0.004944
ORI	0.38828	0.542078	0.03372	0.004874	1e-05	1e-05	0.031029
ORI	1e-05	0.990776	0.000658	0.001679	0.006447	1e-05	0.000421
ORI	0.34141	0.595453	0.030835	0.000216	0.010946	1e-05	0.021129
ORI	0.309377	0.59854	0.063585	1e-05	0.009809	1e-05	0.01867
ORI	0.19994	0.720798	0.057276	0.003527	0.01485	1e-05	0.003599
ORI	0.273654	0.650266	0.047314	1e-05	0.002452	0.00534	0.020963
ORI	0.277895	0.629938	0.065968	0.004253	1e-05	0.006708	0.015227
ORI	0.307584	0.600971	0.062696	0.005357	1e-05	1e-05	0.023372
ORI	0.579683	0.361424	0.038703	0.006129	1e-05	0.000975	0.013075
ORI	0.383183	0.558696	0.054459	0.000264	1e-05	1e-05	0.003379
ORI	0.388687	0.566599	0.032452	0.012232	1e-05	1e-05	1e-05
ORI	0.313654	0.60478	0.057072	1.1e-05	1e-05	1e-05	0.024463
ORI	0.555027	0.349698	0.045908	0.012148	0.002751	1e-05	0.034458
ORI	0.368407	0.518204	0.082722	1e-05	0.003403	1e-05	0.027244
ORI	0.307312	0.608039	0.074043	1e-05	0.008846	1e-05	0.00174
ORI	0.237932	0.707858	0.047107	1e-05	0.007074	1e-05	1e-05
ORI	0.308121	0.557877	0.098431	1e-05	0.005636	0.00634	0.023585
ORI	0.469768	0.422424	0.058414	0.002628	1e-05	1e-05	0.046747
ORI	0.33906	0.572958	0.070802	1e-05	1e-05	1e-05	0.01715
ORI	0.35038	0.576194	0.050588	0.006078	0.002562	1e-05	0.014189
ORI	0.641825	0.24725	0.032268	0.019528	1e-05	1e-05	0.059109
ORI	0.349399	0.558555	0.073232	0.010142	1e-05	1e-05	0.008652
ORI	0.242677	0.683434	0.047448	0.002547	1e-05	0.012841	0.011044
ORI	0.235477	0.705793	0.032012	1e-05	0.001392	1e-05	0.025306
ORI	0.30996	0.604629	0.045251	0.007572	0.01465	1e-05	0.017928
ORI	0.256649	0.675088	0.044817	0.007893	0.002493	0.00495	0.008109
ORI	0.316928	0.590106	0.074768	0.010452	0.002702	0.00227	0.002774
ORI	0.311781	0.577145	0.062019	0.006836	0.010672	1e-05	0.031538
ORI	0.369455	0.552926	0.052999	0.013652	1e-05	1e-05	0.010948
ORI	0.588665	0.334725	0.029723	0.011351	1e-05	1e-05	0.035517
ORI	0.287655	0.598005	0.084344	1e-05	0.003983	0.008321	0.017683
ORI	0.319944	0.596592	0.052121	0.007188	1e-05	0.000133	0.024012
ORI	0.339029	0.563786	0.067272	0.012637	0.002471	1e-05	0.014796
ORI	0.370315	0.49345	0.116374	1e-05	1e-05	0.010417	0.009424
ORI	0.250339	0.668917	0.059945	0.003871	1e-05	0.008031	0.008888
ORI	0.375794	0.55176	0.041281	0.0063	0.002221	0.002261	0.020383
ORI	0.355718	0.566989	0.067097	0.000167	0.01001	1e-05	1e-05
ORI	0.232323	0.675386	0.069865	0.012397	0.00517	1e-05	0.00485
ORI	0.278274	0.626066	0.074108	1.5e-05	1e-05	0.006301	0.015226
ORI	0.366676	0.577942	0.055342	1e-05	1e-05	1e-05	1e-05
ORI	0.231956	0.717154	0.029793	0.00834	0.002289	0.003829	0.006638
ORI	0.4318	0.488377	0.052601	0.007866	1e-05	1e-05	0.019337
ORI	0.385623	0.528158	0.050976	1e-05	0.007654	1e-05	0.02757
ORI	0.317482	0.593589	0.076959	0.011931	1e-05	1.9e-05	1e-05
ORI	0.35829	0.606793	0.031389	1e-05	1e-05	0.003498	1e-05
ORI	0.3	0.634589	0.043345	0.008969	0.000116	0.000106	0.012876
ORI	0.280184	0.659816	0.037441	0.018906	1e-05	1e-05	0.003633
ORI	0.312839	0.5995	0.043293	0.003915	0.00761	0.000111	0.032734
ORI	0.412327	0.517565	0.042737	0.021447	1e-05	0.002968	0.002945
ORI	0.297791	0.468691	0.178215	0.013961	0.024489	0.003044	0.013809
ORI	0.226042	0.650469	0.089682	0.005815	1e-05	0.002581	0.0254
ORI	0.394689	0.486812	0.059087	0.005699	1e-05	1e-05	0.053692
ORI	0.277856	0.653814	0.028393	1e-05	0.011993	1e-05	0.027924
ORI	0.293831	0.628187	0.037747	0.01676	1e-05	0.001287	0.022178
ORI	0.288755	0.639414	0.046921	0.000556	0.012387	1e-05	0.011957
ORI	0.359408	0.534457	0.051138	0.0096	1e-05	0.006457	0.03893
ORI	0.357903	0.571651	0.053423	0.012325	1e-05	0.001525	0.003162
ORI	0.281728	0.672119	0.036216	1.5e-05	1e-05	1e-05	0.009902
ORI	0.321558	0.605255	0.055442	1e-05	0.007512	1e-05	0.010213
ORI	0.340636	0.568724	0.062584	0.004685	1e-05	1e-05	0.023351
ORI	0.357146	0.584621	0.043248	0.00718	1e-05	0.00638	0.001414
ORI	0.319243	0.609027	0.039083	1e-05	0.004437	1e-05	0.02819
ORI	0.067507	0.923369	0.002403	1e-05	0.006691	1e-05	1e-05
ORI	0.356421	0.584256	0.039966	0.010346	1e-05	1e-05	0.008991
ORI	0.259492	0.66638	0.048716	0.017674	1e-05	1e-05	0.007718
ORI	0.262046	0.655435	0.068612	1e-05	1e-05	0.002553	0.011333
ORI	0.286781	0.631788	0.05069	0.011835	7.4e-05	1e-05	0.018821
ORI	0.35835	0.577284	0.044593	0.0016	0.009012	1e-05	0.009152
ORI	0.170436	0.796951	0.026938	1e-05	0.001786	0.003869	1e-05
ORI	0.363268	0.582436	0.031633	0.014136	1e-05	1e-05	0.008508
ORI	0.344667	0.570385	0.061276	0.009785	0.005734	1e-05	0.008143
ORI	0.001254	0.993875	2.4e-05	1e-05	0.003375	0.001451	1e-05
ORI	0.643047	0.263284	0.038659	0.007306	1e-05	0.002382	0.045312
ORI	0.277786	0.660934	0.037127	0.012814	1e-05	0.002324	0.009006
ORI	0.41577	0.50479	0.046338	0.015653	1e-05	0.001566	0.015872
ORI	0.170098	0.793844	0.021423	1e-05	0.007896	0.006094	0.000635
ORI	0.242953	0.677692	0.061426	0.013295	1e-05	1e-05	0.004613
ORI	0.267263	0.681365	0.042665	1e-05	0.00415	1e-05	0.004537
ORI	0.390959	0.532491	0.054002	1e-05	1e-05	0.001234	0.021294
ORI	0.51536	0.39663	0.04873	0.00652	1e-05	1e-05	0.03274
ORI	0.316654	0.56746	0.06707	0.007677	0.002519	0.008635	0.029985
ORI	0.344656	0.579782	0.057245	0.011474	1e-05	0.00168	0.005153
ORI	0.204843	0.718892	0.036604	0.018824	1e-05	0.003536	0.017291
ORI	0.246952	0.694842	0.031416	0.002379	0.012461	1e-05	0.01194
ORI	0.303587	0.611055	0.060204	1e-05	1e-05	0.01429	0.010843
ORI	0.387113	0.518459	0.053497	0.000771	0.01473	1e-05	0.02542
ORI	0.33925	0.566612	0.051797	0.008468	0.002198	0.003435	0.02824
ORI	0.247992	0.67562	0.047935	0.014693	1e-05	0.000971	0.01278
ORI	0.590256	0.332502	0.034093	0.000987	1e-05	0.000844	0.041307
ORI	0.484603	0.43154	0.045895	0.02096	1e-05	0.001435	0.015557
ORI	0.025821	0.960762	0.002478	1e-05	0.000669	0.008369	0.001891
ORI	0.542539	0.377228	0.036802	1e-05	0.00492	1e-05	0.038491
ORI	0.371987	0.506857	0.084045	0.010292	0.00191	1e-05	0.024898
ORI	0.218512	0.742589	0.038859	1e-05	1e-05	1e-05	1e-05
ORI	0.351656	0.550259	0.04116	0.009548	0.003306	0.004049	0.040022
ORI	0.649615	0.275334	0.026732	0.010839	1.4e-05	1e-05	0.037456
ORI	0.365462	0.538362	0.061845	0.002378	1e-05	0.002804	0.02914
ORI	0.399329	0.541958	0.029014	1e-05	0.009206	1e-05	0.020472
ORI	0.620194	0.309168	0.039297	0.013253	1e-05	0.005195	0.012882
ORI	0.002921	0.991084	0.000273	1e-05	0.005382	1e-05	0.000321
ORI	0.42375	0.514725	0.023738	0.023101	1e-05	0.005415	0.00926
ORI	0.318944	0.622322	0.046956	1e-05	1e-05	0.010716	0.001042
ORI	0.259083	0.665271	0.059154	1e-05	0.012614	0.003859	1e-05
ORI	0.413992	0.52573	0.022141	0.013703	1e-05	1e-05	0.024413
ORI	0.293592	0.622409	0.052937	0.00307	0.002772	1e-05	0.02521
ORI	0.330745	0.571874	0.061686	0.002844	1e-05	1e-05	0.032831
ORI	0.448977	0.434668	0.107862	1e-05	1e-05	1e-05	0.008463
ORI	0.311295	0.63206	0.036211	0.014758	0.000793	1e-05	0.004874
ORI	0.696606	0.234656	0.027862	1e-05	1e-05	1e-05	0.040846
ORI	0.317932	0.584186	0.065275	0.007413	1e-05	1e-05	0.025174
ORI	0.424328	0.498514	0.043894	1e-05	0.004544	1e-05	0.0287
ORI	0.411418	0.513248	0.055549	1.4e-05	2e-05	1e-05	0.019741
ORI	0.443081	0.508634	0.040342	0.007716	1e-05	0.000208	1e-05
ORI	0.425712	0.469312	0.063615	0.010213	1e-05	0.000889	0.030249
ORI	0.396004	0.488407	0.081598	0.00729	1e-05	1e-05	0.026681
ORI	0.19221	0.734613	0.064648	1e-05	0.00053	1e-05	0.007979
ORI	0.381536	0.519173	0.053105	0.014487	1e-05	1e-05	0.031679
ORI	0.442036	0.451459	0.082283	1.4e-05	1e-05	1e-05	0.024188
ORI	0.310313	0.625149	0.03973	1e-05	0.009017	0.008407	0.007374
ORI	0.391755	0.534907	0.043486	1e-05	1e-05	0.005547	0.024285
ORI	0.375582	0.534107	0.049371	1.9e-05	1e-05	1e-05	0.040901
ORI	0.352996	0.555556	0.055224	0.013976	0.001763	1e-05	0.020474
ORI	0.286412	0.648313	0.033936	0.006095	1e-05	0.003027	0.022206
ORI	0.298268	0.610524	0.040406	0.011964	0.008481	0.013945	0.016412
ORI	0.434545	0.485363	0.054973	0.013681	1e-05	1e-05	0.011418
ORI	0.308445	0.620833	0.044111	0.010294	1e-05	0.000426	0.015881
ORI	0.407794	0.483967	0.057395	0.007105	1e-05	1e-05	0.043719
ORI	0.04267	0.949099	0.001156	1e-05	0.002188	0.002077	0.0028
ORI	0.260677	0.666812	0.063038	1.7e-05	0.003111	0.006335	1e-05
ORI	0.220057	0.649174	0.104825	1e-05	0.010587	0.003911	0.011435
ORI	0.311787	0.60147	0.067223	1e-05	1e-05	0.003585	0.015915
ORI	0.471305	0.438554	0.021135	0.001329	0.001753	0.007681	0.058242
ORI	0.32414	0.559844	0.051988	1e-05	0.013954	1e-05	0.050055
ORI	0.309547	0.611084	0.047207	0.006939	0.001684	0.007145	0.016394
ORI	0.341722	0.574294	0.045815	0.006921	0.005809	0.005513	0.019925
ORI	0.348694	0.573354	0.067142	1e-05	1e-05	1e-05	0.01078
ORI	0.009068	0.979983	0.006832	0.000223	0.003875	1e-05	1e-05
ORI	0.321793	0.585626	0.068599	0.010097	1e-05	1e-05	0.013866
ORI	0.489069	0.432143	0.039758	0.001069	1e-05	1e-05	0.03794
ORI	0.153438	0.78939	0.039244	0.001337	1e-05	0.008439	0.008143
ORI	0.342863	0.594952	0.045409	1e-05	1e-05	0.001012	0.015745
ORI	0.205412	0.73896	0.038949	1.7e-05	1e-05	0.006009	0.010642
ORI	0.316597	0.625859	0.04482	0.012694	1e-05	1e-05	1e-05
ORI	0.306357	0.611644	0.04607	0.004469	0.000217	0.004011	0.027232
ORI	0.390175	0.491589	0.081008	0.005337	0.004847	0.007008	0.020036
ORI	0.316537	0.594482	0.054192	0.003521	1e-05	1e-05	0.031248
ORI	0.381833	0.525142	0.063461	0.000483	0.003036	1e-05	0.026035
ORI	0.397267	0.54862	0.024278	0.000345	1e-05	1e-05	0.029469
ORI	0.299939	0.642381	0.043563	0.010994	0.001903	0.001211	1e-05
ORI	0.348734	0.579919	0.062849	1e-05	1e-05	1e-05	0.008468
ORI	0.062577	0.914582	0.008939	0.002902	1e-05	0.005423	0.005566
ORI	0.312281	0.605743	0.053764	0.003234	1e-05	0.005483	0.019485
ORI	0.24558	0.674512	0.054322	1e-05	1e-05	0.010538	0.015029
ORI	0.263624	0.644644	0.071072	0.005286	0.000238	0.007922	0.007212
ORI	0.198603	0.722458	0.065561	0.00813	0.004533	0.000705	1e-05
ORI	0.219622	0.697897	0.069681	0.00159	1e-05	1e-05	0.01119
ORI	0.318175	0.595429	0.044112	0.012348	1e-05	1e-05	0.029915
ORI	0.322007	0.63073	0.047217	1e-05	1.6e-05	1e-05	1e-05
ORI	0.192967	0.70689	0.069868	0.010825	0.001853	0.001219	0.016377
ORI	0.343837	0.576901	0.061262	3.2e-05	8.5e-05	0.001838	0.016044
ORI	0.286741	0.661914	0.037811	0.012133	1e-05	1e-05	0.00138
ORI	0.269086	0.67198	0.040642	1e-05	1e-05	0.011048	0.007225
ORI	0.284	0.663404	0.036288	0.002845	1e-05	0.008674	0.004777
ORI	0.383004	0.500907	0.050401	0.028875	1e-05	1e-05	0.036793
ORI	0.309279	0.601576	0.059403	0.00772	1e-05	0.000239	0.021772
ORI	0.319989	0.587978	0.050139	0.024507	0.005712	0.000817	0.010859
ORI	0.2974	0.619553	0.049195	1.2e-05	0.006315	1e-05	0.027515
ORI	0.166475	0.816397	0.015586	1e-05	1e-05	0.001511	1e-05
ORI	0.350638	0.580405	0.037096	0.006199	0.007947	0.011364	0.006352
ORI	0.226683	0.673197	0.059586	0.00689	0.007743	0.000183	0.025718
ORI	0.573328	0.271191	0.027188	0.003105	1.1e-05	1e-05	0.125167
ORI	0.341734	0.563721	0.077685	1e-05	1e-05	1e-05	0.01683
ORI	0.309268	0.636693	0.042909	0.011099	1e-05	1e-05	1e-05
ORI	0.010383	0.966596	0.014895	1e-05	0.005536	0.00257	1e-05
ORI	0.347224	0.551157	0.069403	0.000968	1e-05	1e-05	0.031228
ORI	0.377782	0.544007	0.052191	0.010049	0.00127	0.000951	0.01375
ORI	0.514778	0.411816	0.034545	0.006629	1e-05	1e-05	0.032212
ORI	0.255263	0.680925	0.034292	0.007856	0.006798	0.000906	0.013959
ORI	0.298472	0.629258	0.054625	0.001405	1e-05	0.000181	0.016049
ORI	0.344103	0.550771	0.070214	0.008276	1e-05	0.009535	0.017091
ORI	0.328782	0.601605	0.055949	1e-05	1e-05	1e-05	0.013635
ORI	0.199513	0.71763	0.069657	0.003936	1e-05	0.000703	0.008551
ORI	0.009837	0.986821	1e-05	1e-05	0.003302	1e-05	1e-05
ORI	0.200983	0.684398	0.088025	0.007077	1e-05	1e-05	0.019497
ORI	0.346044	0.599967	0.029749	0.00345	0.001214	1e-05	0.019566
ORI	0.344145	0.579963	0.052093	0.012537	1e-05	0.008749	0.002502
ORI	0.178933	0.687885	0.095662	1e-05	0.008681	0.028709	0.000121
ORI	0.270299	0.681331	0.044215	1e-05	1e-05	1e-05	0.004125
ORI	0.327646	0.605479	0.041869	0.012195	0.002479	1e-05	0.010323
ORI	0.326432	0.571842	0.091545	1.1e-05	0.004509	1e-05	0.00565
ORI	0.253183	0.654936	0.082668	0.000561	0.007589	0.000792	0.00027
ORI	0.514763	0.420736	0.047196	0.004572	0.00679	1e-05	0.005933
ORI	0.242862	0.697393	0.04832	1e-05	1e-05	0.011395	1e-05
ORI	0.173563	0.737612	0.069973	0.004638	0.007848	0.006355	1e-05
ORI	0.296091	0.604423	0.065719	0.007937	1e-05	0.004459	0.021361
ORI	0.290019	0.661212	0.040742	0.007813	1e-05	1e-05	0.000194
ORI	0.009951	0.975028	0.003417	0.000288	0.010653	0.000652	1e-05
ORI	0.008667	0.978062	0.000339	0.000836	0.006661	1e-05	0.005425
ORI	0.310628	0.629761	0.035028	0.004486	1e-05	0.009709	0.010378
ORI	0.044095	0.941805	0.004675	0.004112	0.005293	1e-05	1e-05
ORI	0.297797	0.645026	0.046966	1e-05	1e-05	1e-05	0.010181
ORI	0.276983	0.614966	0.087429	1e-05	0.002719	0.004741	0.013152
ORI	0.334343	0.588367	0.059564	0.017696	1e-05	1e-05	1e-05
ORI	0.270655	0.661148	0.036971	1e-05	1e-05	0.008472	0.022735
ORI	0.300907	0.618604	0.05454	0.005229	0.012414	1e-05	0.008296
ORI	0.353293	0.574058	0.065705	0.00631	1e-05	0.000614	1e-05
ORI	0.205402	0.703789	0.063482	0.00375	0.002818	0.002275	0.018483
ORI	0.361623	0.57506	0.033858	0.002224	1e-05	0.007284	0.019941
ORI	0.275964	0.633568	0.065686	0.002288	1e-05	1e-05	0.022474
ORI	0.192016	0.768748	0.033008	0.006197	1e-05	1e-05	1e-05
ORI	0.015111	0.968058	0.009126	0.000152	0.004689	0.002854	1e-05
ORI	0.284595	0.638021	0.050917	1e-05	0.003835	0.00629	0.016333
ORI	0.416101	0.528297	0.035245	1e-05	0.002149	1e-05	0.018188
ORI	0.459847	0.484887	0.035575	0.013667	1e-05	1e-05	0.006003
ORI	0.310505	0.607064	0.046269	0.009738	0.008925	0.002312	0.015186
ORI	0.322946	0.579709	0.040524	0.012907	0.008617	1e-05	0.035287
ORI	0.561694	0.34743	0.052959	0.006299	1e-05	1e-05	0.031598
ORI	0.29593	0.605301	0.079156	0.006585	0.006037	1e-05	0.006982
ORI	0.192714	0.74601	0.033408	0.0266	1e-05	0.001247	1e-05
ORI	0.033438	0.953755	0.00231	0.005211	0.004908	0.000368	1e-05
ORI	0.372256	0.527828	0.069915	0.00996	1e-05	1e-05	0.020021
ORI	0.000191	0.995808	1e-05	1e-05	0.002034	0.001936	1e-05
ORI	0.295158	0.620176	0.056717	0.004963	0.010121	1e-05	0.012855
ORI	0.325833	0.583277	0.054392	0.006523	1e-05	0.000434	0.029531
ORI	0.430798	0.475361	0.066226	0.000851	0.002304	1e-05	0.024451
ORI	0.180981	0.786174	0.028352	1e-05	0.004462	1e-05	1e-05
ORI	0.334103	0.562136	0.07765	0.011661	0.004107	1e-05	0.010333
ORI	0.47948	0.460037	0.033558	0.017512	1e-05	1e-05	0.009393
ORI	0.08747	0.795683	0.067856	0.001879	1e-05	0.047093	1e-05
ORI	0.373332	0.524104	0.067737	0.008923	1e-05	1e-05	0.025884
ORI	0.266088	0.661704	0.041412	0.005358	0.006715	1e-05	0.018713
ORI	0.000588	0.996324	6.7e-05	0.000362	0.001612	0.001037	1e-05
ORI	0.451006	0.452612	0.071634	0.002901	1.6e-05	1e-05	0.021821
ORI	0.350368	0.577731	0.05334	0.00781	1e-05	0.001324	0.009417
ORI	0.317899	0.600359	0.049823	1e-05	0.000235	0.005505	0.026169
ORI	0.325354	0.604453	0.04528	0.002555	0.010321	1e-05	0.012027
ORI	0.332131	0.606571	0.042944	0.005642	0.001951	0.010751	1e-05
ORI	0.316103	0.594055	0.049675	0.015207	1e-05	1e-05	0.024941
ORI	0.014052	0.970202	0.003541	0.003004	0.00727	0.001921	1e-05
ORI	0.354305	0.566364	0.064482	0.003752	0.003407	1e-05	0.007679
ORI	0.607987	0.353724	0.035175	0.003083	1e-05	1e-05	1e-05
ORI	0.002176	0.991534	0.000549	0.002529	0.003084	0.000118	1e-05
ORI	0.070763	0.835672	0.072822	0.00499	0.015733	1e-05	1e-05
ORI	0.494235	0.438144	0.049163	1e-05	1e-05	1e-05	0.018428
ORI	0.422214	0.423779	0.142428	0.006974	1e-05	0.003551	0.001045
ORI	0.056041	0.901642	0.022393	1e-05	1e-05	0.01232	0.007584
ORI	0.351468	0.586976	0.034953	0.010924	1e-05	0.000674	0.014995
ORI	0.260164	0.646919	0.063299	0.026196	0.003402	1e-05	1e-05
ORI	0.001795	0.993864	0.000553	8e-05	0.003688	1e-05	1e-05
ORI	0.001802	0.984201	0.005936	0.00064	0.005792	0.001619	1e-05
ORI	0.184508	0.780593	0.017188	0.006034	0.002695	1e-05	0.008973
ORI	0.50406	0.428366	0.029422	1.3e-05	1e-05	1e-05	0.038119
ORI	0.335627	0.572077	0.051614	1e-05	0.003039	1e-05	0.037624
ORI	0.250271	0.649805	0.085806	0.004584	1e-05	0.001273	0.00825
ORI	0.304642	0.614126	0.059199	0.021043	1e-05	1e-05	0.00097
ORI	0.396163	0.501856	0.052617	0.004534	1e-05	0.008764	0.036056
ORI	0.250116	0.660563	0.046985	1e-05	1e-05	0.007681	0.034634
ORI	0.351123	0.579826	0.043244	0.007725	0.002359	1e-05	0.015714
ORI	0.250969	0.658123	0.061763	0.010328	0.001241	1e-05	0.017565
ORI	0.009357	0.976389	0.003409	0.004555	0.005799	1e-05	0.000481
ORI	0.221535	0.725493	0.040528	0.010386	1.7e-05	0.002031	1e-05
ORI	1e-05	0.996299	7.2e-05	1e-05	0.003007	1e-05	0.000592
ORI	0.241371	0.673819	0.072428	4e-04	1e-05	0.001256	0.010717
ORI	0.238578	0.695748	0.043851	1e-05	1e-05	0.002007	0.019795
ORI	0.245444	0.676103	0.040535	0.008499	0.000938	1e-05	0.028471
ORI	0.170066	0.749144	0.069359	0.006141	0.003188	1e-05	0.002092
ORI	0.223563	0.680499	0.08012	1e-05	0.001247	0.013146	0.001415
ORI	0.337252	0.593209	0.053128	0.003014	0.005018	0.002015	0.006365
ORI	0.2209	0.677685	0.061396	1e-05	1e-05	1e-05	0.039989
ORI	0.330948	0.571258	0.063909	0.009555	0.008271	1e-05	0.016051
ORI	0.000806	0.98997	0.003916	0.001098	0.003868	1e-05	0.000332
ORI	0.265303	0.645366	0.058184	0.008025	0.001119	0.001006	0.020997
ORI	0.351719	0.5577	0.058753	0.021392	1e-05	0.00143	0.008995
ORI	0.362492	0.546227	0.052518	0.012874	1e-05	0.006658	0.019222
ORI	0.386771	0.521925	0.063552	0.014935	1e-05	1e-05	0.012797
ORI	0.340384	0.550065	0.063085	0.012735	1e-05	1e-05	0.033711
ORI	0.387429	0.527535	0.042902	1.2e-05	0.007911	1e-05	0.034201
ORI	0.11967	0.86368	0.003631	0.01299	1e-05	1e-05	1e-05
ORI	0.357977	0.56028	0.055532	0.008307	1e-05	1e-05	0.017884
ORI	0.188777	0.746306	0.043312	1e-05	5.4e-05	0.011673	0.009867
ORI	0.281122	0.648375	0.056981	1e-05	1e-05	0.002936	0.010566
ORI	0.284237	0.638798	0.049618	0.005131	0.010458	0.006868	0.00489
ORI	0.455681	0.487852	0.052475	0.003962	1e-05	1e-05	1e-05
ORI	0.305469	0.631638	0.057792	0.00103	0.004048	1.2e-05	1e-05
ORI	0.331902	0.577011	0.049964	0.0095	0.001205	1e-05	0.030408
ORI	0.383047	0.46346	0.105504	0.009076	1e-05	0.003862	0.035042
ORI	0.107796	0.846338	0.025452	0.008222	0.01026	1e-05	0.001922
ORI	0.09952	0.846637	0.016786	0.002258	0.006503	1e-05	0.028286
ORI	0.392482	0.529929	0.046094	1e-05	0.001422	0.005505	0.024559
ORI	0.179169	0.754224	0.048476	1.2e-05	1e-05	0.003057	0.015051
ORI	0.274387	0.632603	0.065366	0.011468	0.00368	1e-05	0.012486
ORI	0.255923	0.693064	0.033068	0.008696	1e-05	0.006466	0.002772
ORI	0.319872	0.623505	0.051613	0.003619	1e-05	1e-05	0.001371
ORI	0.297697	0.627873	0.061727	0.011358	1.3e-05	0.001321	1e-05
ORI	0.350555	0.567789	0.057996	0.015605	0.002574	0.003599	0.001883
ORI	0.213445	0.683426	0.078808	1e-05	0.006339	0.002339	0.015632
ORI	0.238714	0.634871	0.065294	0.010194	1e-05	0.010088	0.040828
ORI	0.517351	0.347928	0.048841	0.006877	0.008708	0.018758	0.051538
ORI	0.395877	0.522718	0.033907	0.000889	0.001578	1e-05	0.045022
ORI	0.19945	0.74896	0.036187	1e-05	0.015372	1e-05	1e-05
ORI	0.358108	0.543891	0.053473	0.005559	1e-05	0.009861	0.029099
ORI	0.380521	0.522638	0.049186	0.012997	0.006368	1e-05	0.02828
ORI	0.232135	0.688517	0.067713	1e-05	1e-05	0.011604	1e-05
ORI	0.349764	0.549721	0.059648	0.004413	0.017496	1e-05	0.018947
ORI	1e-05	0.995759	0.000684	1e-05	0.002906	0.00062	1e-05
ORI	0.343155	0.616424	0.03652	0.001263	1e-05	1e-05	0.002618
ORI	0.098769	0.888402	0.004771	1e-05	1e-05	0.001658	0.00638
ORI	0.351676	0.470882	0.150354	0.014805	1e-05	0.002633	0.009641
ORI	0.494088	0.437987	0.024268	0.041972	1e-05	1e-05	0.001665
ORI	0.345857	0.582459	0.055123	0.003623	0.003076	0.002319	0.007542
ORI	0.323125	0.585867	0.053743	0.010789	1e-05	0.004753	0.021713
ORI	0.32218	0.62509	0.051309	1.6e-05	0.001384	1e-05	1e-05
ORI	0.228848	0.690291	0.048796	1e-05	0.014149	1e-05	0.017896
ORI	0.296604	0.635531	0.062379	0.005447	1e-05	1.9e-05	1e-05
ORI	0.255973	0.663019	0.066168	1e-05	1e-05	1e-05	0.01481
ORI	0.038021	0.932455	0.019682	0.001381	0.008441	1e-05	1e-05
ORI	0.324682	0.61857	0.027546	0.000982	1e-05	1e-05	0.028199
ORI	0.557536	0.335767	0.042654	0.008246	1e-05	0.000545	0.055241
